1000
0.001;4,2,12,1,0,5,7,19,8,17,14,13,9,6,10,3,11,18,16,15
0.002;5,10,1,0,6,4,14,7,15,16,2,18,11,9,8,3,12,13,19,17
0.003;15,4,18,8,14,10,7,12,17,3,0,1,2,9,6,11,16,5,13,19
0.004;17,5,19,9,12,10,8,1,11,6,0,2,4,7,13,3,16,18,14,15
0.005;12,11,15,13,17,9,1,18,10,14,0,5,3,8,6,16,2,7,4,19
0.006;12,15,11,17,6,13,0,4,18,8,14,19,2,3,9,1,5,7,16,10
0.007;13,14,6,18,5,4,17,2,1,0,12,19,15,3,10,8,9,16,11,7
0.008;1,14,17,11,8,4,6,2,10,18,0,13,9,19,5,12,3,7,16,15
0.009;17,8,6,12,5,4,3,15,1,7,9,14,13,18,0,11,2,10,16,19
0.01;12,8,15,1,7,10,6,3,19,13,2,9,5,4,14,11,17,16,0,18
0.011;11,8,1,2,7,13,14,15,18,0,19,5,4,3,16,12,10,9,17,6
0.012;19,15,1,9,13,7,16,18,0,4,5,11,8,14,17,2,3,10,6,12
0.013;12,1,15,9,16,2,14,19,4,17,8,0,5,10,18,7,11,6,3,13
0.014;7,2,19,5,1,17,3,15,8,0,14,16,18,10,12,9,4,13,6,11
0.015;7,17,1,11,19,2,9,12,8,16,13,15,4,14,5,10,6,0,3,18
0.016;15,17,3,11,1,12,8,16,2,0,4,14,13,7,18,5,10,19,6,9
0.017;3,16,14,11,12,7,17,9,8,0,1,18,15,19,10,5,4,6,13,2
0.018;11,9,6,3,10,4,13,0,18,16,8,14,1,19,2,5,15,17,12,7
0.019;11,14,9,17,18,7,4,19,10,6,8,5,15,0,1,3,16,13,2,12
0.02;11,6,10,12,1,8,4,18,13,5,0,7,2,3,17,14,15,19,16,9
0.021;2,12,17,18,13,7,0,1,15,11,4,14,9,3,10,19,8,6,5,16
0.022;18,15,17,10,9,3,12,16,6,1,4,11,13,5,0,2,7,19,14,8
0.023;8,0,16,7,4,19,12,17,6,14,3,5,1,11,2,18,13,15,9,10
0.024;3,11,16,0,2,10,13,9,12,17,4,5,15,7,8,1,18,14,19,6
0.025;7,16,11,0,8,13,3,15,10,6,2,17,9,18,14,19,5,4,12,1
0.026;8,1,19,11,15,5,3,12,7,17,16,0,6,18,4,9,2,14,13,10
0.027;12,17,13,11,3,1,9,8,7,6,2,4,0,18,16,5,10,15,14,19
0.028;18,10,13,9,6,8,12,1,3,0,17,15,2,7,19,11,5,14,4,16
0.029;12,7,9,2,19,10,18,13,6,4,17,8,15,5,3,11,0,1,16,14
0.03;7,12,15,2,16,10,4,17,18,8,5,1,3,0,11,9,19,14,6,13
0.031;4,5,13,1,19,14,10,17,3,12,8,18,11,9,2,16,7,15,6,0
0.032;8,19,13,16,18,2,9,4,3,14,7,12,11,1,6,17,10,0,15,5
0.033;13,17,4,10,18,1,6,19,9,16,7,8,15,2,11,0,5,14,3,12
0.034;19,17,11,7,18,9,4,6,2,13,0,5,10,1,16,8,3,12,14,15
0.035;13,17,1,15,2,4,12,6,3,19,0,18,9,14,5,16,11,8,7,10
0.036;11,10,14,0,2,19,1,15,3,5,6,4,8,18,13,7,9,17,16,12
0.037;17,10,18,1,2,11,14,0,19,5,6,15,12,3,4,8,13,16,7,9
0.038;0,11,17,1,16,14,10,12,4,9,5,15,19,7,8,13,3,2,6,18
0.039;8,3,13,17,16,12,7,4,15,2,14,5,6,10,1,11,9,0,18,19
0.04;10,17,12,9,14,5,1,15,0,11,7,16,13,2,6,19,3,4,18,8
0.041;1,8,18,11,7,5,14,10,9,4,17,3,13,0,16,19,6,12,15,2
0.042;18,17,8,9,11,5,13,10,1,19,2,15,3,0,14,7,6,16,4,12
0.043;18,12,1,9,0,5,7,4,3,8,17,14,19,6,10,15,16,13,2,11
0.044;9,0,4,1,15,12,19,18,3,17,16,14,10,2,7,6,5,11,13,8
0.045;5,0,4,6,15,19,1,7,10,18,9,8,3,11,12,14,13,17,2,16
0.046;11,19,17,6,15,9,14,7,0,18,13,5,1,10,4,16,3,8,12,2
0.047;5,10,18,0,4,17,2,8,15,6,13,14,1,11,3,19,9,16,12,7
0.048;19,13,7,6,14,18,8,15,2,5,10,4,3,12,0,11,1,16,17,9
0.049;12,15,10,16,14,2,5,13,8,18,19,7,17,9,1,6,0,4,11,3
0.05;12,16,5,6,1,2,18,4,11,9,19,7,13,14,17,0,3,8,15,10
0.0509;1,18,5,7,8,6,14,3,12,9,10,0,2,16,11,15,17,13,4,19
0.0519;12,9,5,15,16,6,18,2,0,14,17,19,11,13,1,7,4,3,8,10
0.0529;12,1,7,11,17,8,18,13,19,0,3,4,16,9,2,6,5,15,10,14
0.0539;7,2,10,11,12,8,0,4,19,6,5,9,15,16,14,13,18,17,3,1
0.0549;15,10,5,7,11,19,6,4,12,16,13,3,17,0,14,9,2,8,1,18
0.0559;16,4,2,5,19,18,6,3,13,1,8,10,9,12,14,11,7,15,17,0
0.0569;16,13,0,8,12,10,19,5,7,14,9,18,4,2,17,11,15,6,1,3
0.0579;14,1,13,8,19,15,6,5,2,16,18,9,11,3,7,12,17,0,10,4
0.0589;0,10,8,17,16,13,15,5,19,12,18,4,9,7,2,3,1,14,11,6
0.0599;12,10,3,6,15,1,19,18,8,0,5,2,4,9,16,13,14,11,7,17
0.0609;2,5,10,8,17,15,18,11,6,0,3,1,4,14,19,12,13,7,9,16
0.0619;14,17,11,8,5,13,1,15,4,12,0,18,2,10,19,16,3,6,7,9
0.0629;1,12,11,8,14,5,13,9,16,3,19,2,6,18,7,15,4,17,0,10
0.0639;1,7,17,15,2,3,13,0,11,12,6,14,4,19,18,5,10,8,9,16
0.0649;10,9,18,4,2,5,15,0,11,1,6,17,19,8,16,13,7,14,3,12
0.0659;3,0,5,8,9,18,11,2,4,14,16,10,19,6,13,17,15,1,12,7
0.0669;11,1,5,16,9,7,2,12,8,6,19,13,4,17,0,15,18,3,10,14
0.0679;11,1,16,2,8,13,4,19,18,7,10,0,17,6,3,5,9,14,12,15
0.0689;19,11,15,10,16,14,4,0,9,17,12,18,13,6,1,2,8,7,5,3
0.0699;19,11,0,6,8,5,17,4,15,2,13,10,3,18,1,7,12,14,16,9
0.0709;2,0,16,13,5,6,11,9,15,19,17,3,10,12,14,4,18,8,7,1
0.0719;10,16,3,5,15,6,17,13,9,19,4,11,8,7,1,18,2,12,0,14
0.0729;0,12,6,10,3,17,15,13,4,19,7,5,16,9,2,11,14,1,8,18
0.0739;13,10,18,16,1,11,17,7,4,6,0,5,3,9,19,2,8,14,15,12
0.0749;14,10,13,5,3,9,8,7,19,6,17,18,16,15,11,12,1,4,0,2
0.0759;0,8,18,4,11,9,17,6,7,15,10,13,12,3,5,16,19,14,2,1
0.0769;10,8,7,13,12,5,9,1,17,2,0,18,6,3,11,16,14,15,4,19
0.0779;19,6,0,16,13,14,2,7,10,15,17,1,8,3,11,4,5,12,18,9
0.0789;14,8,5,4,13,11,3,16,19,17,0,12,1,2,10,6,7,15,9,18
0.0799;15,7,9,4,13,10,14,16,19,12,18,6,3,8,5,1,17,11,0,2
0.0809;12,7,0,14,19,18,4,17,13,9,6,10,8,16,15,11,1,2,3,5
0.0819;2,10,0,19,7,17,4,11,8,12,1,16,14,9,18,15,3,6,13,5
0.0829;11,5,17,12,6,16,4,9,13,10,18,0,19,8,7,2,15,1,3,14
0.0839;14,5,16,11,10,15,7,4,1,6,0,3,13,18,19,17,12,9,8,2
0.0849;2,5,16,12,13,11,1,14,4,6,7,17,8,3,15,19,9,18,0,10
0.0859;6,13,5,8,2,16,3,19,4,14,7,18,15,17,12,9,10,1,11,0
0.0869;13,0,1,8,12,15,3,17,19,16,9,7,18,2,4,14,5,11,6,10
0.0879;10,0,12,19,13,8,4,17,5,2,11,9,15,18,14,3,16,6,1,7
0.0889;7,18,12,14,0,6,15,19,5,2,9,3,8,10,16,1,17,11,13,4
0.0899;11,4,12,7,0,15,17,14,2,19,8,6,3,1,10,9,16,13,5,18
0.0909;18,0,9,14,16,15,4,1,8,6,17,19,3,11,13,5,2,12,7,10
0.0919;17,0,9,7,5,1,16,19,4,2,18,13,10,3,8,12,15,6,11,14
0.0929;17,10,6,13,5,1,8,2,9,7,18,3,11,4,12,14,16,15,19,0
0.0939;6,10,16,18,1,8,4,5,11,7,17,12,2,19,9,3,13,15,0,14
0.0949;6,8,16,13,17,5,9,3,4,15,10,12,18,14,7,2,19,0,11,1
0.0959;4,8,1,13,16,5,3,12,10,6,0,19,9,7,11,14,18,2,17,15
0.0969;0,1,8,2,16,6,14,11,12,17,5,18,9,15,7,13,3,4,19,10
0.0979;2,10,8,12,0,7,11,15,17,14,4,1,9,3,6,19,16,18,5,13
0.0989;2,11,13,3,4,16,9,10,0,6,14,5,15,12,18,17,7,8,19,1
0.0999;8,0,4,12,14,16,13,1,9,17,19,5,7,18,3,10,15,6,2,11
0.1009;18,3,7,0,14,16,17,2,5,6,15,4,11,10,12,8,1,9,13,19
0.1019;1,2,7,15,14,3,17,13,11,10,16,6,4,0,8,19,5,9,12,18
0.1029;8,14,4,19,3,17,2,16,15,7,18,10,6,11,9,12,5,1,13,0
0.1039;8,3,0,2,9,17,1,14,12,5,18,15,7,16,4,11,19,10,13,6
0.1049;12,14,8,15,0,17,18,3,1,5,16,7,11,6,13,9,2,4,10,19
0.1059;12,2,15,18,0,17,3,13,16,10,8,4,1,14,19,7,5,9,11,6
0.1069;3,2,1,18,11,8,9,13,19,10,16,0,12,6,5,14,15,4,7,17
0.1079;3,2,8,17,11,5,15,10,13,0,6,4,7,14,19,16,1,18,9,12
0.1089;3,4,0,10,11,16,14,17,15,9,5,6,13,1,8,12,2,7,19,18
0.1099;4,10,13,3,11,8,18,14,12,6,0,15,19,2,16,5,1,9,17,7
0.1109;2,10,1,14,18,15,11,7,5,13,9,6,19,3,16,8,0,4,12,17
0.1119;1,13,14,2,12,4,8,3,5,18,15,6,16,9,7,0,17,19,11,10
0.1129;6,11,5,13,10,4,9,3,17,18,0,15,7,2,16,8,12,14,19,1
0.1139;9,18,7,6,17,12,13,15,19,5,3,0,8,10,14,11,4,2,1,16
0.1149;16,13,1,2,5,12,17,7,9,3,8,15,14,0,19,11,18,6,10,4
0.1159;5,19,17,14,10,8,4,12,3,9,15,7,0,16,18,6,13,11,1,2
0.1169;17,12,13,6,2,8,5,9,3,11,4,10,14,1,15,16,19,18,0,7
0.1179;18,3,17,4,16,1,5,9,12,10,15,11,13,19,7,14,6,0,8,2
0.1189;15,3,6,17,16,18,5,8,19,7,1,12,11,10,4,13,9,2,0,14
0.1199;19,7,8,10,18,16,4,1,11,14,15,12,6,0,2,5,9,17,3,13
0.1209;7,2,9,8,18,11,4,19,3,14,0,6,13,10,5,12,17,15,1,16
0.1219;10,3,9,11,8,2,4,17,14,16,12,0,13,7,1,5,18,6,19,15
0.1229;6,3,18,16,5,0,4,7,12,11,8,9,1,14,13,10,15,19,2,17
0.1239;0,15,9,5,14,6,16,12,4,8,1,11,18,13,10,17,3,7,2,19
0.1249;8,16,3,19,14,1,15,18,13,6,10,9,12,2,0,11,5,4,17,7
0.1259;16,8,5,13,12,11,15,2,6,19,17,9,3,4,14,18,10,0,7,1
0.1269;4,8,12,19,17,18,0,14,5,10,7,13,3,2,6,11,9,16,1,15
0.1279;12,5,6,0,7,8,15,14,13,10,17,2,18,11,1,4,9,3,19,16
0.1289;4,9,8,17,14,5,11,10,13,12,3,6,15,2,1,19,16,0,7,18
0.1299;18,0,8,2,10,5,14,13,11,3,15,12,1,7,19,9,16,17,4,6
0.1309;13,11,8,18,14,6,17,0,2,1,15,3,9,10,12,4,7,19,16,5
0.1319;13,19,6,5,1,0,4,8,18,16,15,2,11,7,9,14,17,3,10,12
0.1329;8,9,4,5,17,10,6,7,0,16,3,11,1,15,2,19,14,18,12,13
0.1339;9,0,12,14,3,1,13,7,17,16,2,4,10,11,19,5,18,8,6,15
0.1349;12,0,19,17,11,5,13,15,18,2,14,4,1,6,16,10,7,9,8,3
0.1359;10,16,3,17,19,4,5,0,13,11,9,12,15,6,2,18,1,14,7,8
0.1369;12,16,15,5,18,4,6,10,8,3,14,17,7,9,11,0,2,19,1,13
0.1379;9,16,15,1,6,5,18,7,19,14,3,10,2,4,12,17,11,13,8,0
0.1389;9,14,3,5,2,0,16,7,12,18,15,11,4,8,10,19,1,6,17,13
0.1399;3,0,6,1,16,14,13,15,4,7,18,19,10,17,12,11,9,2,5,8
0.1409;7,0,9,5,14,4,16,15,13,8,3,19,1,12,18,10,17,6,2,11
0.1419;17,12,1,11,8,10,16,15,13,0,18,5,14,6,19,2,7,4,3,9
0.1429;6,18,13,8,16,11,2,15,5,0,3,14,12,17,7,19,1,9,10,4
0.1439;17,7,19,16,8,15,5,13,2,0,6,9,18,3,11,1,10,4,14,12
0.1449;6,7,8,15,18,16,5,13,10,3,4,2,11,9,14,19,17,1,12,0
0.1459;6,18,10,2,5,16,12,8,14,9,17,3,11,19,1,4,13,7,15,0
0.1469;4,18,19,10,11,1,15,0,13,7,17,9,6,3,16,14,5,12,8,2
0.1479;0,7,3,13,11,19,16,4,10,18,6,8,1,12,2,17,15,5,14,9
0.1489;3,15,0,10,1,11,7,4,12,18,5,13,16,19,14,2,8,17,9,6
0.1499;13,9,3,2,17,16,10,12,19,18,11,15,8,4,14,7,6,5,1,0
0.1508;13,0,11,2,1,16,9,6,19,10,14,18,7,8,5,12,15,4,3,17
0.1518;13,14,2,7,17,19,16,8,12,9,6,5,4,0,18,15,3,11,1,10
0.1528;9,14,8,7,11,3,6,2,5,16,10,0,15,1,18,13,12,4,17,19
0.1538;3,14,8,9,5,16,12,17,15,6,10,19,18,13,4,0,2,11,1,7
0.1548;6,14,11,10,3,8,4,18,2,17,16,13,12,19,5,15,9,7,1,0
0.1558;7,4,14,10,3,15,18,6,8,17,2,16,0,13,12,5,9,19,11,1
0.1568;14,11,13,19,3,17,18,2,15,10,4,7,5,6,16,1,0,8,12,9
0.1578;14,0,13,5,6,15,10,17,18,1,12,7,19,4,2,9,3,16,8,11
0.1588;8,3,16,12,18,10,15,9,0,5,6,19,7,4,2,1,13,14,11,17
0.1598;3,16,8,14,7,12,19,4,15,11,6,1,0,9,10,13,17,5,2,18
0.1608;3,16,8,7,5,12,10,17,18,13,19,2,4,15,0,6,14,1,9,11
0.1618;13,18,14,3,16,9,2,17,8,10,1,0,7,15,5,4,11,19,12,6
0.1628;8,18,14,7,5,15,0,11,9,10,19,2,6,16,4,17,3,12,13,1
0.1638;8,0,1,6,13,15,10,14,7,4,19,11,9,2,17,16,12,18,3,5
0.1648;8,13,1,16,6,5,10,11,4,9,0,17,19,14,18,12,15,3,2,7
0.1658;8,11,9,16,13,18,5,17,3,1,4,15,0,12,14,19,2,10,7,6
0.1668;11,2,13,14,15,12,8,1,3,5,18,9,17,4,16,0,10,6,19,7
0.1678;8,4,7,12,15,14,3,10,5,18,9,17,2,0,16,11,6,13,1,19
0.1688;10,6,3,19,1,14,12,8,5,16,15,13,0,17,4,9,18,11,7,2
0.1698;12,15,17,8,1,0,19,5,4,7,2,13,14,9,10,11,6,16,18,3
0.1708;12,16,15,19,1,0,3,18,13,14,6,10,9,17,8,11,7,5,4,2
0.1718;13,16,2,19,1,14,18,10,11,8,7,3,17,0,5,15,9,4,12,6
0.1728;13,9,15,3,18,11,1,8,0,5,17,2,4,7,10,14,16,12,6,19
0.1738;12,9,1,17,0,10,4,6,18,5,16,13,3,15,7,8,14,19,11,2
0.1748;16,9,5,7,12,0,6,3,18,8,17,15,14,11,10,4,2,1,13,19
0.1758;2,6,5,1,13,18,15,8,9,19,17,16,3,0,10,7,4,11,14,12
0.1768;2,4,19,1,17,15,9,12,7,11,5,10,6,0,3,16,13,14,18,8
0.1778;15,19,4,1,5,8,18,17,3,9,13,12,10,7,11,6,2,14,0,16
0.1788;15,16,3,1,8,0,19,18,13,9,10,17,4,5,14,7,11,6,12,2
0.1798;10,9,3,8,5,18,0,4,15,13,17,7,1,11,14,16,19,12,2,6
0.1808;16,13,10,8,14,0,12,4,17,9,7,5,6,1,2,15,3,18,11,19
0.1818;16,15,9,5,13,17,6,7,12,3,1,8,0,10,14,18,4,19,2,11
0.1828;16,0,15,4,19,17,12,7,13,6,11,10,9,1,2,14,8,5,3,18
0.1838;19,4,5,0,18,15,12,9,6,11,7,3,2,17,10,14,1,16,13,8
0.1848;6,7,19,1,16,13,11,3,5,18,0,4,10,15,12,17,9,2,14,8
0.1858;17,7,4,1,8,15,6,10,11,19,13,16,12,18,3,14,9,5,0,2
0.1868;7,4,17,1,12,16,2,6,0,5,3,9,10,11,8,13,15,14,18,19
0.1878;5,11,19,10,15,17,8,7,9,16,3,0,14,4,1,13,2,6,12,18
0.1888;7,4,1,0,16,8,9,15,13,5,12,11,14,6,19,18,2,17,10,3
0.1898;7,11,16,8,10,13,18,15,6,0,12,4,2,19,9,17,5,3,14,1
0.1908;19,18,16,8,7,13,4,9,10,12,14,3,11,2,6,1,15,0,5,17
0.1918;13,6,1,11,5,2,14,9,12,18,4,17,8,19,7,3,10,16,0,15
0.1928;19,3,10,5,0,7,18,9,6,1,11,17,8,13,15,14,4,2,16,12
0.1938;16,19,1,2,10,7,18,6,5,13,15,14,4,8,3,0,9,17,11,12
0.1948;16,7,1,19,10,8,18,5,0,6,11,9,13,14,15,12,4,2,17,3
0.1958;16,0,13,1,10,15,12,17,6,18,11,7,19,8,9,5,3,14,4,2
0.1968;19,0,11,18,10,12,15,1,8,5,3,17,6,4,16,7,9,13,2,14
0.1978;18,15,11,13,2,12,3,6,7,19,14,10,1,8,16,0,17,4,5,9
0.1988;6,15,4,13,3,12,17,9,16,11,7,1,10,2,18,14,19,0,8,5
0.1998;18,15,14,19,10,13,17,1,4,3,6,0,5,9,7,16,2,8,11,12
0.2008;2,15,8,10,3,13,14,18,1,12,11,0,4,9,19,6,16,7,17,5
0.2018;10,13,14,12,11,3,8,6,4,15,2,7,18,9,5,1,19,16,0,17
0.2028;8,13,6,14,5,11,12,10,2,4,18,19,9,7,3,1,0,15,17,16
0.2038;8,9,4,14,2,10,3,19,16,17,12,13,7,11,18,5,6,1,15,0
0.2048;7,9,4,18,2,14,10,11,15,13,1,16,8,5,0,12,17,6,3,19
0.2058;9,7,10,18,12,14,16,6,1,8,11,13,0,4,17,15,3,19,5,2
0.2068;9,6,12,18,10,8,15,3,5,2,17,4,13,11,19,1,16,0,14,7
0.2078;14,6,18,16,9,2,13,8,5,0,17,12,19,7,4,15,3,10,1,11
0.2088;13,4,1,16,15,2,12,19,18,0,7,5,10,17,9,8,11,14,3,6
0.2098;13,4,1,0,14,10,17,19,16,8,3,9,5,18,15,11,2,7,6,12
0.2108;6,8,1,16,19,17,0,14,13,5,11,4,9,12,15,10,7,3,18,2
0.2118;1,3,12,16,8,17,9,19,4,0,6,7,18,10,5,2,14,13,15,11
0.2128;1,0,5,16,11,17,13,2,12,8,10,7,3,4,9,14,15,18,6,19
0.2138;11,0,1,10,19,13,7,3,6,4,9,16,2,8,15,14,5,17,18,12
0.2148;14,2,5,16,19,8,7,6,1,15,17,18,0,10,4,9,12,13,3,11
0.2158;11,19,7,14,1,6,3,0,2,9,10,16,18,12,4,15,13,8,5,17
0.2168;4,19,16,14,13,11,0,17,6,2,12,3,8,10,18,5,7,9,1,15
0.2178;4,12,16,5,13,6,7,0,1,9,11,18,3,2,17,15,10,19,8,14
0.2188;14,19,16,10,4,9,8,18,15,3,12,1,17,13,11,0,5,6,2,7
0.2198;1,19,2,12,4,7,8,15,3,18,17,0,13,6,16,5,9,14,10,11
0.2208;5,6,14,12,18,7,8,16,3,19,4,13,15,0,1,9,11,17,2,10
0.2218;17,19,5,12,14,7,0,11,2,16,9,6,18,10,15,13,4,3,1,8
0.2228;17,0,4,5,14,12,11,19,6,16,1,10,7,8,2,9,13,18,15,3
0.2238;14,3,4,15,6,17,13,2,10,16,7,1,5,12,9,8,11,0,19,18
0.2248;5,3,7,11,16,12,9,6,17,2,14,19,4,10,0,18,13,8,15,1
0.2258;7,3,19,16,10,11,1,13,17,5,14,8,4,0,2,12,9,6,18,15
0.2268;18,12,3,1,11,10,4,15,2,6,8,16,14,13,5,19,17,0,7,9
0.2278;18,14,9,19,11,17,10,3,2,0,13,16,7,5,15,12,1,4,8,6
0.2288;5,14,2,3,1,9,17,19,18,6,0,12,7,16,15,11,8,10,13,4
0.2298;7,17,13,18,1,10,19,15,9,12,5,6,4,16,3,8,0,14,11,2
0.2308;6,5,2,18,1,4,16,8,13,0,15,9,19,17,12,10,7,14,3,11
0.2318;7,19,3,18,2,9,16,8,15,14,13,5,10,6,11,1,4,17,12,0
0.2328;13,14,7,8,3,11,17,18,0,15,2,1,9,12,10,5,16,19,4,6
0.2338;2,9,13,12,10,4,7,15,8,14,0,1,17,3,19,5,11,18,16,6
0.2348;16,2,1,12,10,17,13,3,7,4,6,18,15,19,14,11,9,8,0,5
0.2358;10,7,1,8,0,5,9,3,12,15,6,4,2,19,18,13,16,17,14,11
0.2368;6,15,8,0,10,5,9,12,3,4,11,2,16,14,19,7,17,1,18,13
0.2378;7,2,8,3,14,18,13,15,12,4,5,0,6,11,1,9,17,10,16,19
0.2388;4,2,17,5,11,9,7,3,8,19,15,16,13,1,6,18,0,10,14,12
0.2398;6,11,3,1,16,15,7,19,14,18,10,5,13,2,4,8,12,0,9,17
0.2408;6,12,8,1,18,7,14,13,4,15,3,5,17,10,0,16,11,19,2,9
0.2418;10,12,0,11,9,13,8,18,5,4,3,7,16,14,6,2,15,19,1,17
0.2428;15,19,8,13,0,9,17,6,12,11,10,2,5,18,14,7,3,1,16,4
0.2438;15,19,6,4,11,2,3,8,17,1,0,14,16,18,12,13,10,5,7,9
0.2448;15,3,11,8,12,5,19,7,1,10,16,17,18,9,4,14,13,0,6,2
0.2458;14,3,0,12,8,19,5,10,16,13,17,15,18,4,2,11,6,9,1,7
0.2468;9,17,0,7,5,15,11,19,10,13,1,8,14,18,16,2,12,4,6,3
0.2478;18,8,0,1,15,19,16,5,12,10,6,17,14,4,3,7,2,13,11,9
0.2488;16,8,19,6,3,13,15,10,18,5,4,14,12,7,11,1,17,0,9,2
0.2498;9,8,1,18,6,14,13,16,5,7,4,15,11,2,10,3,19,17,12,0
0.2507;1,14,9,4,6,12,19,10,2,5,16,3,18,11,7,13,17,15,0,8
0.2517;18,4,7,0,2,16,10,19,6,9,12,5,3,11,15,1,14,17,8,13
0.2527;11,1,6,2,0,16,7,4,14,19,17,9,8,13,5,15,10,3,18,12
0.2537;14,19,11,2,3,5,8,18,10,13,15,9,7,16,4,17,0,12,6,1
0.2547;15,17,8,12,1,5,7,13,18,0,11,14,9,16,3,6,10,4,2,19
0.2557;6,9,4,11,8,19,13,1,18,0,2,16,7,14,5,10,15,3,17,12
0.2567;6,7,4,11,0,19,9,12,8,14,10,18,5,2,17,13,3,16,1,15
0.2577;6,16,4,3,17,18,9,13,5,2,12,14,19,0,7,1,11,10,15,8
0.2587;6,16,10,12,17,9,15,13,4,11,0,1,5,2,3,18,14,8,19,7
0.2597;16,8,14,12,17,15,6,3,4,10,5,13,0,7,9,1,19,11,2,18
0.2607;12,11,14,16,4,1,18,2,9,13,0,3,7,10,5,15,6,8,19,17
0.2617;1,11,9,10,17,16,12,2,0,5,6,13,7,19,15,8,3,4,18,14
0.2627;15,13,3,16,14,0,17,2,18,1,6,11,9,19,10,5,8,12,4,7
0.2637;15,5,8,16,17,18,10,0,19,4,11,3,7,2,6,13,1,14,9,12
0.2647;19,5,12,1,3,18,15,0,8,7,10,17,2,13,4,9,11,16,14,6
0.2657;15,6,0,3,12,17,1,10,4,7,19,8,2,16,5,11,9,14,18,13
0.2667;12,0,6,3,19,2,11,5,9,7,1,8,15,18,13,16,10,4,14,17
0.2677;7,12,17,10,19,4,15,8,9,18,3,6,13,16,0,11,14,1,2,5
0.2687;10,12,2,7,11,4,8,15,0,6,16,1,9,14,5,13,17,19,18,3
0.2697;1,11,3,18,14,15,6,7,12,0,17,10,9,13,19,4,16,5,2,8
0.2707;1,11,15,12,14,3,10,13,19,16,9,5,7,6,17,2,18,8,0,4
0.2717;0,16,8,17,14,2,5,13,4,7,18,10,12,1,19,11,6,15,3,9
0.2727;2,16,9,7,13,12,19,14,18,8,3,15,1,0,5,10,17,4,6,11
0.2737;2,11,5,17,13,9,1,8,15,4,19,14,18,0,10,16,7,12,3,6
0.2747;0,12,18,13,10,6,1,7,5,17,9,14,11,3,4,8,19,2,15,16
0.2757;4,9,6,16,7,2,1,10,15,17,0,14,8,12,18,3,5,13,11,19
0.2767;4,2,19,10,3,15,18,13,9,17,14,0,5,1,11,12,7,8,6,16
0.2777;12,0,19,4,3,1,8,10,11,17,15,13,2,18,5,14,7,16,9,6
0.2787;13,4,19,10,11,14,2,12,3,0,17,9,7,16,6,5,1,18,15,8
0.2797;16,4,8,6,7,19,18,12,9,14,2,13,1,5,10,11,3,0,17,15
0.2807;3,17,12,1,7,19,15,2,5,4,0,11,18,13,14,16,10,8,9,6
0.2817;11,1,19,18,7,5,15,3,12,14,16,9,13,8,0,2,17,10,6,4
0.2827;13,19,11,16,5,7,10,1,17,4,6,15,3,18,0,12,2,8,14,9
0.2837;11,14,1,13,0,10,3,16,9,6,19,7,18,2,5,12,8,4,15,17
0.2847;18,14,1,13,8,15,7,12,9,16,11,10,3,4,17,0,19,5,2,6
0.2857;12,0,1,13,2,15,17,4,3,18,9,11,19,14,6,10,7,5,16,8
0.2867;17,19,15,10,2,9,8,12,1,18,5,13,11,6,14,4,7,0,3,16
0.2877;17,15,14,11,2,12,3,7,0,16,5,9,10,13,18,1,8,6,19,4
0.2887;11,1,4,15,19,14,3,6,0,5,9,10,16,13,8,12,2,17,7,18
0.2897;11,1,8,5,19,17,13,6,18,12,3,2,15,4,16,0,7,9,14,10
0.2907;11,12,8,0,15,16,18,7,4,19,6,2,10,1,13,14,5,3,9,17
0.2917;7,15,8,19,0,11,2,13,4,9,5,1,17,18,16,12,3,10,6,14
0.2927;10,11,8,12,0,15,19,17,6,1,16,13,18,14,2,5,4,3,9,7
0.2937;10,13,15,12,17,14,7,1,3,6,0,8,18,19,5,16,11,2,4,9
0.2947;1,16,15,6,17,9,13,11,3,4,2,12,7,0,19,8,18,5,14,10
0.2957;15,10,1,4,17,12,14,9,18,0,6,19,7,8,13,16,5,3,2,11
0.2967;0,10,12,15,2,18,14,17,7,5,16,1,4,11,6,13,9,3,8,19
0.2977;14,2,10,15,12,19,18,7,11,5,0,1,6,4,13,8,16,17,9,3
0.2987;0,2,13,12,3,19,5,15,6,11,10,17,1,7,14,4,16,8,18,9
0.2997;14,2,19,17,3,7,5,1,6,18,16,4,0,11,13,9,8,15,12,10
0.3007;14,12,16,17,0,7,6,5,13,1,8,18,19,9,11,2,15,3,10,4
0.3017;14,12,17,11,15,13,2,1,10,6,7,19,4,18,0,5,16,8,9,3
0.3027;9,11,17,5,1,13,6,3,0,2,16,19,10,14,18,4,15,12,7,8
0.3037;14,2,12,13,10,15,3,7,17,1,16,6,9,19,18,8,11,0,5,4
0.3047;14,2,0,11,6,1,18,7,8,3,13,16,9,5,17,19,4,15,10,12
0.3057;6,1,2,9,13,8,0,19,10,3,7,15,11,5,14,4,17,18,12,16
0.3067;10,12,16,9,13,15,1,5,18,0,4,19,2,17,14,7,3,11,6,8
0.3077;7,12,19,11,3,5,1,17,6,0,13,15,4,2,10,9,8,18,14,16
0.3087;2,19,12,4,5,7,8,1,18,11,13,0,6,16,3,9,15,17,10,14
0.3097;7,19,12,8,13,17,0,18,5,11,2,3,10,6,4,1,14,16,15,9
0.3107;7,19,13,17,1,16,18,0,4,11,12,14,9,8,3,15,10,2,5,6
0.3117;7,15,2,4,1,14,13,8,3,11,0,16,12,10,6,9,17,19,18,5
0.3127;3,9,8,1,16,19,10,2,5,15,17,18,12,6,14,11,4,13,7,0
0.3137;1,13,8,7,18,19,17,9,15,3,10,12,6,16,11,4,2,0,14,5
0.3147;13,12,11,0,18,19,6,5,15,10,3,4,8,7,9,14,17,2,16,1
0.3157;15,9,19,10,17,18,6,5,4,1,11,16,14,2,3,8,0,13,7,12
0.3167;7,9,1,13,5,0,6,2,18,4,10,16,19,11,3,14,17,12,8,15
0.3177;7,15,19,18,5,3,14,13,6,4,10,2,17,9,1,0,12,8,11,16
0.3187;16,18,19,14,7,13,3,11,0,9,8,2,1,15,17,4,10,5,6,12
0.3197;2,18,15,9,16,13,4,14,6,11,1,3,17,12,0,8,10,7,19,5
0.3207;16,0,12,8,1,6,3,19,13,18,2,15,9,5,17,7,14,11,10,4
0.3217;17,7,12,15,16,6,3,18,5,4,13,2,14,9,8,19,11,1,0,10
0.3227;9,7,8,15,11,10,19,18,17,4,12,16,5,2,14,0,6,3,13,1
0.3237;9,7,14,6,8,11,17,15,3,10,1,16,5,0,12,18,4,2,19,13
0.3247;0,5,11,1,8,10,15,17,19,4,14,7,3,18,12,9,16,6,13,2
0.3257;0,4,9,1,16,10,15,12,8,18,6,14,7,2,13,17,3,11,5,19
0.3267;19,12,9,1,3,11,6,2,0,13,15,16,17,4,10,5,7,14,8,18
0.3277;5,17,0,15,3,19,18,12,7,11,4,10,16,6,2,13,1,14,9,8
0.3287;4,5,19,15,14,0,18,11,7,3,1,6,12,8,10,9,16,2,17,13
0.3297;3,5,19,6,2,11,8,0,14,15,10,9,13,4,17,7,18,1,16,12
0.3307;3,18,2,12,14,11,4,7,6,15,8,19,16,10,5,13,0,9,1,17
0.3317;3,11,2,18,17,19,4,8,6,10,15,14,0,1,16,12,7,13,9,5
0.3327;3,19,6,5,12,9,15,16,4,10,14,18,11,2,8,17,0,1,13,7
0.3337;3,19,9,1,16,8,0,18,4,11,13,12,17,7,2,15,14,6,5,10
0.3347;5,11,14,4,13,9,7,18,12,19,16,8,0,1,2,6,10,17,15,3
0.3357;7,5,10,2,15,9,11,8,19,0,12,1,16,17,3,13,18,6,14,4
0.3367;12,17,5,18,15,1,10,19,7,8,3,0,16,11,2,14,13,9,6,4
0.3377;16,7,9,3,18,2,13,19,0,8,6,4,17,15,14,1,11,10,5,12
0.3387;4,11,10,9,17,15,2,19,7,12,6,8,14,0,1,5,13,3,16,18
0.3397;1,12,10,9,17,18,6,2,13,4,0,3,16,14,15,11,5,8,7,19
0.3407;11,17,14,9,10,7,4,8,16,18,2,19,0,15,5,1,3,13,6,12
0.3417;2,17,16,10,19,7,1,18,3,11,12,6,8,15,13,4,9,0,5,14
0.3427;4,12,1,10,3,5,6,7,19,16,17,9,8,14,18,11,15,2,0,13
0.3437;4,8,1,7,13,5,9,18,12,6,0,10,16,2,11,15,19,3,14,17
0.3447;0,19,11,7,1,18,15,17,2,16,4,10,6,3,5,8,14,13,12,9
0.3457;11,19,0,7,8,10,16,4,3,2,1,14,15,9,17,13,12,5,6,18
0.3467;1,2,13,5,8,18,9,0,15,14,19,3,4,11,10,12,16,7,6,17
0.3477;7,4,12,13,8,2,5,18,15,6,16,3,19,17,10,0,14,9,11,1
0.3487;2,4,5,0,12,6,3,18,13,14,19,7,10,17,15,9,8,11,1,16
0.3497;11,5,0,1,15,12,6,16,13,19,14,7,3,4,2,8,17,9,10,18
0.3506;19,14,2,15,18,9,13,0,3,16,6,7,5,4,17,1,10,12,8,11
0.3516;19,12,9,5,17,2,10,0,4,14,18,16,6,15,3,8,7,1,11,13
0.3526;19,6,4,18,9,14,10,17,0,3,8,11,12,7,15,2,1,13,5,16
0.3536;1,4,11,16,18,6,15,17,5,14,0,3,10,19,2,12,9,7,8,13
0.3546;4,19,11,10,2,14,5,7,15,18,16,3,0,17,9,1,12,8,13,6
0.3556;13,8,16,5,12,2,11,14,9,6,15,17,0,7,10,18,3,19,1,4
0.3566;13,8,17,9,12,7,14,11,18,2,5,1,19,16,0,10,4,6,3,15
0.3576;15,7,16,14,12,0,13,8,18,2,9,19,4,11,3,1,10,17,5,6
0.3586;15,13,0,14,1,12,8,17,5,11,16,18,3,2,10,4,19,7,6,9
0.3596;9,11,3,14,7,1,2,17,15,18,6,13,19,10,16,0,5,12,4,8
0.3606;4,19,10,18,16,1,5,9,0,11,6,12,3,14,7,8,17,2,15,13
0.3616;0,19,16,1,15,11,5,10,4,7,6,2,14,8,9,13,3,17,12,18
0.3626;0,4,2,17,12,14,7,10,1,19,6,16,8,9,5,11,15,3,18,13
0.3636;15,17,7,11,2,12,18,16,8,10,6,3,9,19,14,13,0,1,5,4
0.3646;15,6,11,5,19,2,12,13,8,0,14,16,18,7,17,4,9,3,10,1
0.3656;8,6,10,13,19,5,17,0,12,3,18,2,15,7,14,9,1,4,16,11
0.3666;6,5,16,8,19,10,13,9,15,2,3,11,12,4,0,17,1,7,18,14
0.3676;18,16,5,1,9,3,14,19,0,4,15,8,11,12,17,10,2,13,7,6
0.3686;3,9,5,1,11,7,15,19,17,12,13,2,14,8,16,6,0,4,10,18
0.3696;1,18,10,3,11,5,13,17,19,6,9,4,14,0,12,15,7,16,2,8
0.3706;5,0,3,15,6,1,7,17,10,14,18,4,11,13,19,16,2,9,8,12
0.3716;7,17,6,15,13,19,4,1,12,9,10,5,16,3,2,18,0,8,11,14
0.3726;5,2,1,15,7,12,4,14,13,8,16,3,10,18,9,6,17,0,19,11
0.3736;3,15,6,2,16,18,14,7,12,1,10,5,19,11,9,17,4,0,13,8
0.3746;16,1,14,7,9,18,19,12,17,8,4,15,13,3,11,2,6,10,0,5
0.3756;11,7,5,16,2,9,17,12,10,1,4,15,8,18,14,3,0,13,19,6
0.3766;3,7,5,0,14,1,10,13,15,2,11,4,12,19,8,16,17,9,6,18
0.3776;10,3,11,14,6,1,0,13,7,17,5,19,2,12,4,18,16,9,8,15
0.3786;10,12,5,3,18,14,1,11,7,8,15,2,19,17,0,4,16,6,13,9
0.3796;12,18,10,6,5,15,3,11,2,8,17,0,13,1,7,14,9,16,4,19
0.3806;18,8,5,10,3,11,16,9,4,6,12,0,2,1,7,15,17,14,19,13
0.3816;16,8,15,13,17,9,18,2,1,6,7,10,5,11,12,19,0,4,3,14
0.3826;10,8,7,2,4,14,16,18,13,6,3,5,9,11,15,12,0,19,1,17
0.3836;10,4,14,2,6,17,0,5,13,9,19,3,18,11,7,16,8,15,12,1
0.3846;10,6,8,7,5,17,0,3,2,19,13,11,4,12,1,9,15,14,16,18
0.3856;8,4,14,6,7,3,15,17,19,10,2,0,5,18,11,9,12,1,16,13
0.3866;2,15,12,6,4,10,17,7,16,3,13,14,0,9,18,11,19,8,1,5
0.3876;4,1,18,13,16,15,5,7,11,14,2,19,0,9,3,17,12,10,6,8
0.3886;7,14,2,13,16,19,6,8,5,9,18,1,15,12,3,11,17,0,4,10
0.3896;14,16,4,2,11,5,6,15,8,0,19,1,9,13,3,12,7,18,10,17
0.3906;19,8,13,18,11,4,9,15,0,12,6,10,14,1,3,7,17,16,2,5
0.3916;12,5,18,6,8,11,15,9,1,14,13,17,10,2,3,7,4,19,16,0
0.3926;5,9,6,18,15,1,8,10,11,16,2,7,3,13,0,4,12,17,19,14
0.3936;14,5,6,11,15,18,4,10,12,16,1,13,19,0,2,9,3,8,17,7
0.3946;11,14,17,1,16,8,7,5,12,13,4,15,19,6,2,18,0,3,10,9
0.3956;17,16,4,13,2,1,18,8,6,15,19,5,0,12,7,9,14,3,10,11
0.3966;8,11,4,18,12,7,13,16,5,9,6,15,0,2,3,1,19,10,17,14
0.3976;2,14,8,10,1,7,13,5,18,19,15,6,11,3,0,16,17,12,4,9
0.3986;9,3,11,16,1,17,8,2,0,7,4,6,13,5,19,12,18,15,14,10
0.3996;18,6,0,15,1,19,5,7,11,4,2,10,12,16,17,9,14,3,8,13
0.4006;3,8,17,18,14,19,12,7,5,0,13,10,16,15,1,11,4,6,2,9
0.4016;10,8,17,2,7,1,12,11,14,5,15,6,0,18,19,3,16,9,4,13
0.4026;10,15,17,2,11,14,19,4,8,1,16,0,6,7,18,5,13,3,9,12
0.4036;10,7,14,15,9,1,2,4,18,17,16,12,13,3,11,0,8,5,19,6
0.4046;6,0,2,8,17,18,14,11,3,10,16,4,1,13,5,15,9,12,7,19
0.4056;2,5,14,12,17,10,6,13,18,3,4,8,16,15,1,11,7,9,19,0
0.4066;7,10,14,18,4,0,11,13,5,3,2,12,19,16,1,15,8,17,9,6
0.4076;19,5,14,2,7,15,17,16,4,9,3,12,8,0,1,6,13,10,18,11
0.4086;11,5,10,9,14,13,1,7,4,8,2,16,3,6,17,12,19,15,0,18
0.4096;11,18,16,5,19,13,8,12,14,2,7,0,3,9,15,1,10,4,6,17
0.4106;5,8,2,19,11,3,18,1,6,15,0,16,13,9,4,7,12,17,10,14
0.4116;3,8,9,2,5,4,10,1,16,17,11,6,15,19,14,18,7,0,13,12
0.4126;3,8,7,4,18,2,9,15,11,10,13,1,12,17,14,6,5,19,0,16
0.4136;12,13,11,5,18,14,4,7,10,15,8,9,6,3,16,2,1,0,17,19
0.4146;11,13,12,5,15,6,1,16,9,10,17,7,4,0,14,8,18,19,3,2
0.4156;18,15,12,5,1,6,17,9,14,10,3,0,2,4,8,7,16,13,11,19
0.4166;18,8,12,17,11,6,9,2,0,4,13,5,3,16,15,10,14,19,7,1
0.4176;6,19,16,10,1,7,9,13,0,18,2,11,3,4,5,12,8,15,14,17
0.4186;10,14,9,13,11,7,12,15,6,17,0,16,3,1,5,8,2,19,4,18
0.4196;4,14,9,6,10,3,1,16,11,12,8,13,7,15,0,19,17,5,18,2
0.4206;5,11,19,6,7,13,17,0,14,9,8,15,3,18,2,10,1,12,16,4
0.4216;1,8,5,13,9,6,16,0,15,2,18,11,17,7,12,4,3,14,19,10
0.4226;9,8,5,17,12,14,0,16,3,11,7,10,13,6,2,19,18,4,1,15
0.4236;13,8,7,2,19,1,6,17,3,11,0,5,12,10,14,15,4,9,18,16
0.4246;1,8,5,14,19,9,13,10,2,17,4,0,12,11,6,18,16,15,7,3
0.4256;4,8,19,14,2,7,16,10,1,17,3,18,0,12,5,13,6,11,15,9
0.4266;4,11,15,5,9,13,0,14,1,2,6,18,3,8,12,16,17,19,10,7
0.4276;13,11,3,7,4,14,0,18,19,16,8,12,1,6,17,10,5,15,9,2
0.4286;13,19,14,8,0,3,6,18,4,16,11,5,12,15,2,17,9,10,7,1
0.4296;17,13,8,18,19,15,6,12,14,4,2,9,16,3,5,7,1,10,11,0
0.4306;10,13,1,18,19,0,7,14,6,5,16,2,9,11,17,8,15,3,12,4
0.4316;8,19,15,18,16,2,7,14,3,1,9,5,17,13,10,12,6,4,11,0
0.4326;7,19,15,2,13,0,14,3,16,5,6,12,18,8,11,1,10,9,17,4
0.4336;5,4,15,14,13,6,1,8,10,7,17,3,9,11,12,16,18,0,19,2
0.4346;19,4,18,6,15,11,12,8,7,1,5,3,13,9,2,14,16,10,0,17
0.4356;4,7,18,16,10,5,14,0,19,15,2,13,8,17,9,1,6,12,11,3
0.4366;1,6,7,18,4,9,2,11,19,3,14,5,0,17,15,12,8,16,10,13
0.4376;8,18,12,4,14,0,2,7,13,5,6,16,1,17,10,15,19,9,11,3
0.4386;1,9,12,4,14,3,17,2,0,6,11,8,18,16,15,7,5,10,13,19
0.4396;2,6,12,0,18,16,9,11,7,17,14,8,13,1,10,5,19,3,15,4
0.4406;5,14,11,18,0,6,3,13,7,17,15,9,2,4,16,12,1,19,8,10
0.4416;7,16,0,18,11,6,4,12,1,5,8,2,9,19,17,15,10,13,14,3
0.4426;7,3,2,5,9,13,0,12,8,10,16,4,6,15,14,17,19,1,18,11
0.4436;7,5,13,17,0,8,9,16,1,10,15,11,2,4,19,14,12,6,3,18
0.4446;19,15,18,3,9,8,0,10,12,4,5,6,13,7,1,16,17,11,2,14
0.4456;19,2,3,17,7,10,5,11,4,12,8,6,15,14,0,9,16,13,1,18
0.4466;14,2,12,5,17,6,18,11,10,16,3,4,8,7,15,19,9,0,1,13
0.4476;2,3,16,6,17,7,18,10,5,8,13,9,12,4,1,0,14,11,15,19
0.4486;13,2,16,19,15,18,6,10,5,7,0,4,1,3,12,17,11,9,8,14
0.4496;2,4,9,12,5,14,13,10,17,0,7,15,11,19,6,1,16,3,8,18
0.4505;16,17,5,13,3,4,9,19,7,2,1,15,18,6,10,11,0,8,12,14
0.4515;3,17,16,10,14,12,9,8,6,19,18,0,7,1,5,15,2,4,11,13
0.4525;15,13,1,2,19,10,11,8,7,14,17,0,18,4,6,3,16,5,12,9
0.4535;9,18,10,4,19,1,5,15,7,17,0,6,2,16,12,11,3,13,8,14
0.4545;16,18,3,10,5,17,12,14,1,7,13,15,8,9,6,11,0,2,19,4
0.4555;18,12,3,10,19,4,0,11,16,7,6,14,1,2,13,17,5,15,9,8
0.4565;18,19,11,1,9,3,13,17,8,14,2,7,0,10,4,6,12,16,5,15
0.4575;19,18,6,9,8,4,1,13,7,3,10,14,0,2,5,16,11,12,15,17
0.4585;19,2,8,9,17,11,12,0,16,1,13,3,14,4,10,7,5,6,15,18
0.4595;1,11,2,5,10,13,16,9,7,19,8,4,18,12,15,0,3,14,17,6
0.4605;19,11,15,16,8,7,5,2,13,0,1,10,4,14,3,12,6,9,17,18
0.4615;5,11,15,14,10,19,9,8,1,0,4,17,18,13,2,6,12,16,7,3
0.4625;5,11,19,12,17,18,9,13,3,16,6,10,0,1,4,14,15,8,2,7
0.4635;3,8,6,15,18,9,5,16,10,17,19,13,4,2,7,1,12,11,0,14
0.4645;13,17,6,15,16,9,11,5,8,7,3,2,19,1,4,10,18,0,14,12
0.4655;12,6,13,15,3,16,11,17,19,7,4,1,2,8,18,0,10,5,9,14
0.4665;12,7,2,19,3,17,18,5,11,8,16,4,9,0,1,14,10,15,6,13
0.4675;9,6,12,8,13,10,7,5,11,14,2,19,15,16,3,1,17,0,4,18
0.4685;7,2,12,0,5,19,6,13,10,14,8,15,4,3,11,18,17,1,9,16
0.4695;1,3,10,8,4,6,18,5,12,14,7,19,15,11,16,9,0,17,13,2
0.4705;7,14,10,19,8,13,15,17,16,11,4,18,12,6,2,9,0,1,3,5
0.4715;18,10,17,11,8,13,14,19,0,16,9,7,5,15,2,1,3,12,4,6
0.4725;18,0,6,8,11,13,1,7,4,12,9,14,2,5,19,16,10,17,15,3
0.4735;18,16,6,0,15,19,14,5,4,1,2,8,11,17,7,3,9,13,12,10
0.4745;18,15,12,0,9,8,13,17,4,7,3,6,11,2,16,10,5,19,1,14
0.4755;2,18,5,0,6,1,12,17,9,11,3,14,16,10,19,15,7,4,13,8
0.4765;3,18,1,13,11,15,2,6,19,17,0,9,12,10,7,8,4,16,14,5
0.4775;14,18,2,13,1,15,9,5,0,4,16,10,11,3,17,6,8,12,19,7
0.4785;1,5,2,13,9,15,0,18,19,17,11,8,3,6,16,14,4,10,7,12
0.4795;10,2,5,3,9,15,13,6,17,14,1,11,12,19,18,8,16,4,0,7
0.4805;10,6,12,13,7,15,14,2,8,0,17,19,3,1,4,16,9,18,11,5
0.4815;9,2,12,7,17,8,19,14,3,0,13,11,16,5,4,1,15,6,10,18
0.4825;9,4,18,17,14,6,19,8,11,2,16,1,13,3,5,12,0,7,15,10
0.4835;18,17,5,4,14,3,15,7,11,16,8,6,1,10,0,13,12,2,9,19
0.4845;18,11,7,1,3,8,15,16,13,17,10,0,12,6,2,14,5,4,9,19
0.4855;12,17,4,1,18,6,10,14,16,9,13,0,19,8,2,5,7,3,15,11
0.4865;14,4,2,9,8,18,16,3,10,17,6,15,19,13,5,11,12,1,0,7
0.4875;0,3,7,8,17,18,10,4,12,16,15,11,9,2,5,6,1,13,19,14
0.4885;17,11,15,10,4,14,12,2,8,6,7,3,16,0,9,19,18,1,13,5
0.4895;13,4,17,1,16,18,14,15,0,10,6,11,3,8,2,19,5,9,7,12
0.4905;5,11,17,19,3,14,13,15,18,7,1,2,16,8,10,12,6,0,9,4
0.4915;2,3,7,15,17,8,5,19,1,6,11,16,13,14,9,4,10,0,12,18
0.4925;18,4,1,17,5,11,15,7,6,13,19,16,10,14,9,0,12,2,3,8
0.4935;14,18,17,11,2,1,4,13,12,7,3,19,10,16,8,0,5,15,9,6
0.4945;15,3,1,17,2,11,7,8,9,13,19,16,6,18,4,5,12,0,10,14
0.4955;19,17,1,11,18,14,10,4,3,15,6,16,8,13,12,9,2,0,5,7
0.4965;10,17,1,11,19,8,5,0,12,4,15,9,7,16,2,3,18,14,13,6
0.4975;16,17,1,5,2,4,18,12,8,3,7,14,15,19,6,13,9,11,10,0
0.4985;1,0,6,18,2,9,3,8,12,17,15,7,11,14,16,13,19,5,4,10
0.4995;4,17,6,18,2,13,14,5,7,3,12,1,19,15,0,16,10,8,11,9
0.5005;19,7,10,14,2,6,4,12,16,13,8,15,9,1,3,17,0,11,18,5
0.5015;3,4,12,11,17,6,8,5,9,13,2,15,0,19,14,1,18,7,10,16
0.5025;12,14,6,17,0,3,11,7,15,9,2,13,4,5,8,16,10,1,19,18
0.5035;8,9,6,3,4,13,18,14,10,16,2,7,17,5,19,11,15,12,0,1
0.5045;8,11,19,9,15,14,6,2,1,4,12,7,0,17,18,13,16,5,10,3
0.5055;5,15,2,14,12,9,4,19,16,13,11,1,18,8,3,0,7,6,17,10
0.5065;5,15,16,12,7,9,0,17,8,3,10,6,19,2,11,13,18,14,4,1
0.5075;10,15,18,12,11,9,16,6,8,19,4,7,0,5,14,3,2,1,17,13
0.5085;13,18,16,12,7,8,6,11,9,2,10,15,3,0,19,5,17,14,4,1
0.5095;4,5,1,18,7,11,17,3,19,15,8,12,6,16,9,2,10,13,0,14
0.5105;4,6,0,19,7,17,10,15,13,12,8,2,3,18,9,14,5,11,16,1
0.5115;4,14,2,10,7,15,9,17,19,8,18,3,6,16,12,13,0,1,5,11
0.5125;12,10,11,7,16,15,9,14,4,3,8,13,18,1,19,6,17,5,2,0
0.5135;18,15,16,7,5,10,1,2,19,8,3,6,12,17,11,14,4,13,0,9
0.5145;4,13,1,3,9,5,6,2,12,17,11,16,8,15,7,19,14,18,10,0
0.5155;18,9,15,3,8,7,2,12,0,6,19,17,13,10,16,11,5,1,4,14
0.5165;4,9,11,0,10,19,14,15,8,18,7,6,1,2,13,16,5,17,12,3
0.5175;3,8,15,18,13,12,17,1,14,5,2,16,0,7,10,11,19,9,6,4
0.5185;4,8,15,10,12,9,13,1,18,16,19,3,17,0,14,5,6,2,11,7
0.5195;4,14,1,0,19,10,17,16,18,8,12,15,13,2,11,6,7,5,9,3
0.5205;14,4,1,0,7,8,10,16,2,15,13,18,9,3,12,11,5,6,17,19
0.5215;14,19,11,4,17,15,12,8,2,3,1,16,6,18,7,13,10,0,9,5
0.5225;9,7,2,15,0,11,18,8,4,17,13,14,1,6,19,10,12,16,5,3
0.5235;1,10,14,11,4,16,9,8,3,15,13,19,5,2,0,7,18,6,12,17
0.5245;3,19,10,5,4,16,0,8,2,14,7,13,6,18,15,1,12,17,9,11
0.5255;4,19,17,3,6,8,0,15,11,12,18,10,5,14,9,13,1,7,2,16
0.5265;12,19,6,5,11,1,3,15,2,18,14,16,13,9,8,0,4,17,10,7
0.5275;1,5,6,19,12,13,17,15,18,8,10,16,0,11,7,14,3,9,2,4
0.5285;19,0,8,15,5,11,7,3,2,13,10,12,16,6,1,9,17,4,14,18
0.5295;19,16,15,10,14,13,0,1,18,8,4,3,7,6,5,2,11,12,17,9
0.5305;14,12,13,4,19,18,2,1,15,7,17,8,11,16,5,3,10,0,9,6
0.5315;14,12,13,19,10,9,1,17,3,5,8,6,18,0,16,2,11,7,15,4
0.5325;10,12,15,5,0,9,17,7,16,11,14,2,18,8,4,1,13,19,3,6
0.5335;5,18,15,10,2,7,3,19,16,8,6,0,11,9,17,12,14,4,13,1
0.5345;16,0,15,6,19,7,5,2,8,3,14,11,12,4,9,13,18,1,17,10
0.5355;14,5,1,12,10,19,6,2,0,3,16,4,7,15,18,9,8,13,17,11
0.5365;0,2,4,1,14,10,18,12,3,19,5,13,7,15,17,11,8,9,16,6
0.5375;0,6,14,18,10,4,2,16,9,1,13,17,15,7,5,3,19,12,8,11
0.5385;18,8,19,1,7,10,12,6,0,9,3,4,16,17,13,5,15,11,14,2
0.5395;18,11,12,4,19,2,5,7,0,9,1,14,10,13,8,6,3,15,16,17
0.5405;2,0,3,14,4,7,15,1,11,13,18,8,17,16,19,6,9,12,10,5
0.5415;16,13,7,3,5,10,14,1,15,12,11,19,17,9,18,0,2,6,4,8
0.5425;16,18,7,14,9,11,6,19,10,1,17,8,15,4,0,13,3,5,12,2
0.5435;1,11,14,2,9,18,8,5,0,16,13,3,19,10,4,6,12,17,7,15
0.5445;14,18,1,19,13,7,15,5,0,3,16,17,4,12,9,6,11,8,2,10
0.5455;16,3,4,14,7,1,6,2,15,18,19,0,9,12,13,10,8,5,17,11
0.5465;3,0,14,4,11,10,7,1,15,18,12,2,17,6,19,16,5,13,8,9
0.5475;3,0,14,9,5,7,13,11,10,18,6,8,4,15,17,2,12,16,19,1
0.5485;16,0,5,15,10,8,11,14,19,18,17,4,2,12,13,7,9,1,3,6
0.5495;9,14,5,19,10,3,18,7,8,11,1,12,4,17,13,15,6,16,2,0
0.5504;9,18,7,19,15,10,14,4,16,1,0,11,3,12,13,6,8,17,5,2
0.5514;10,13,3,19,12,2,8,7,15,14,5,11,16,4,18,9,6,0,1,17
0.5524;17,1,0,3,7,2,11,4,19,16,15,14,8,12,10,6,13,9,5,18
0.5534;8,10,9,3,19,6,15,4,13,0,5,18,14,1,16,2,17,12,7,11
0.5544;4,3,7,16,18,1,15,14,17,0,11,19,9,12,5,6,2,10,8,13
0.5554;3,0,19,6,11,15,17,8,18,13,7,16,9,12,10,14,2,1,5,4
0.5564;5,19,9,16,11,12,18,8,15,13,7,1,3,0,6,17,14,4,10,2
0.5574;11,1,16,17,5,3,18,19,15,4,13,0,10,2,9,14,8,7,6,12
0.5584;16,19,0,11,15,8,14,1,17,4,13,10,18,5,3,2,12,6,9,7
0.5594;8,19,0,12,9,16,14,18,6,7,1,13,11,3,4,15,2,5,17,10
0.5604;18,7,16,12,3,9,0,19,1,13,6,14,11,8,15,10,5,4,2,17
0.5614;12,19,9,1,3,16,15,7,10,5,8,0,6,14,4,11,17,18,13,2
0.5624;13,19,3,1,7,4,16,0,2,6,10,9,11,15,12,5,14,17,8,18
0.5634;12,14,3,2,1,4,17,5,0,13,11,9,19,6,10,16,15,18,7,8
0.5644;13,14,8,4,6,16,18,3,0,11,5,2,19,7,10,1,17,9,12,15
0.5654;8,1,9,7,14,16,12,2,15,5,4,11,19,3,10,13,18,0,6,17
0.5664;0,9,5,7,16,14,12,2,18,19,8,1,6,10,15,17,13,11,3,4
0.5674;4,7,5,10,9,11,1,8,19,18,6,12,2,0,14,3,17,16,15,13
0.5684;9,6,12,17,2,18,11,19,3,1,8,14,0,4,5,7,16,13,10,15
0.5694;1,12,3,16,2,15,14,5,10,0,11,13,6,7,19,17,18,8,9,4
0.5704;0,2,3,17,12,15,7,1,10,9,18,8,13,19,6,11,14,5,4,16
0.5714;2,0,12,19,10,8,6,1,3,7,17,5,16,4,13,18,9,15,14,11
0.5724;7,0,12,2,4,17,18,10,19,3,16,8,1,13,14,5,9,11,15,6
0.5734;0,17,6,18,1,7,2,15,9,19,11,13,4,16,3,5,10,14,12,8
0.5744;18,6,2,8,10,7,17,12,16,15,19,0,11,9,4,5,13,3,1,14
0.5754;4,19,1,8,0,15,2,10,16,17,5,18,12,6,3,9,7,11,14,13
0.5764;4,19,17,16,7,13,15,14,3,12,5,2,18,10,11,8,9,6,0,1
0.5774;17,13,6,16,11,1,12,14,15,18,5,4,0,8,3,10,2,19,9,7
0.5784;18,12,2,1,11,16,5,13,3,8,14,0,17,4,9,15,19,10,7,6
0.5794;1,16,2,8,10,11,5,3,17,4,7,0,19,18,13,9,12,6,15,14
0.5804;10,16,18,1,19,9,8,15,12,0,11,13,6,2,4,14,7,17,3,5
0.5814;11,1,18,9,19,15,4,8,6,5,7,13,0,10,3,17,14,16,2,12
0.5824;3,6,18,17,15,4,19,1,8,12,10,9,14,2,5,13,7,11,16,0
0.5834;3,11,18,12,10,19,4,13,14,0,6,9,1,17,15,16,2,8,7,5
0.5844;19,16,5,15,1,9,13,8,14,12,4,11,0,17,18,6,3,2,7,10
0.5854;2,0,4,15,14,11,1,12,3,8,18,6,16,7,10,9,19,17,5,13
0.5864;1,16,6,12,14,11,17,5,19,15,4,18,0,13,8,3,2,7,9,10
0.5874;19,3,17,9,13,10,0,5,11,1,16,18,4,2,8,15,14,12,6,7
0.5884;5,12,13,4,8,7,0,6,1,10,2,18,11,15,16,3,19,17,14,9
0.5894;15,14,0,3,8,19,6,4,11,5,2,1,16,10,7,9,18,12,13,17
0.5904;16,10,15,19,6,8,13,4,12,14,0,1,17,7,5,3,18,9,2,11
0.5914;8,10,1,11,19,0,13,3,12,2,17,18,9,15,16,5,14,4,6,7
0.5924;11,7,9,2,1,6,3,17,10,8,13,18,19,0,4,16,15,14,12,5
0.5934;15,7,12,14,17,16,4,1,9,6,8,3,18,10,11,19,13,2,5,0
0.5944;9,5,13,1,0,16,4,14,6,19,10,11,15,18,2,3,12,7,17,8
0.5954;7,9,13,8,0,12,10,6,5,15,2,17,18,19,4,14,3,1,16,11
0.5964;0,1,13,18,3,14,4,12,6,9,11,16,17,19,10,5,2,8,7,15
0.5974;10,17,1,3,11,14,8,9,13,0,12,16,6,15,5,18,7,19,4,2
0.5984;10,16,15,19,11,5,13,17,8,1,7,18,14,3,9,2,6,0,12,4
0.5994;15,4,2,1,3,5,7,13,19,8,0,18,12,16,17,10,9,11,6,14
0.6004;8,19,4,1,3,7,16,10,18,13,5,9,6,15,17,12,11,0,2,14
0.6014;16,0,10,1,12,13,9,19,17,5,7,4,6,15,3,11,14,18,8,2
0.6024;0,9,7,1,2,18,19,16,17,6,10,8,12,4,15,14,5,3,11,13
0.6034;7,0,2,1,12,8,16,19,14,9,15,3,17,18,13,6,10,11,4,5
0.6044;13,17,2,15,14,11,10,3,12,9,19,7,5,18,6,0,4,16,1,8
0.6054;13,12,0,2,8,11,17,19,3,10,6,7,1,5,9,14,15,4,16,18
0.6064;15,0,8,1,5,6,17,9,3,13,7,16,14,2,4,10,12,19,18,11
0.6074;11,7,2,14,4,19,17,16,13,3,0,15,10,12,6,9,18,8,5,1
0.6084;14,13,0,12,4,19,15,11,2,1,8,5,17,18,9,3,16,7,6,10
0.6094;11,13,17,12,10,4,0,6,2,19,14,1,7,16,8,5,3,18,9,15
0.6104;3,4,11,18,0,10,8,13,2,19,6,7,12,16,1,14,9,5,15,17
0.6114;1,8,19,5,4,6,9,3,7,11,0,2,10,15,13,14,17,12,18,16
0.6124;10,4,1,17,11,8,14,18,15,0,5,16,19,9,12,7,6,13,2,3
0.6134;17,16,14,0,11,2,1,7,5,10,8,4,13,15,19,3,9,6,18,12
0.6144;0,16,9,5,14,2,4,8,15,10,18,7,17,6,12,3,1,19,13,11
0.6154;0,5,2,16,15,1,7,10,13,19,3,12,17,8,11,18,6,14,4,9
0.6164;0,5,3,2,10,7,6,12,8,15,1,18,17,4,19,11,9,16,14,13
0.6174;0,5,15,12,3,7,4,13,14,6,10,16,19,1,18,2,11,9,17,8
0.6184;3,12,14,9,0,1,18,19,6,15,10,16,5,4,11,17,2,8,13,7
0.6194;11,19,7,10,15,9,18,3,6,5,8,0,16,13,4,12,2,14,1,17
0.6204;19,5,7,2,9,17,1,3,8,13,10,0,15,12,11,16,6,4,14,18
0.6214;7,6,16,8,18,17,14,13,10,19,11,4,15,1,5,2,3,0,9,12
0.6224;4,3,18,15,1,12,13,16,7,19,6,14,8,10,2,17,11,9,5,0
0.6234;1,5,18,2,17,12,0,8,16,13,11,14,19,9,10,6,3,4,15,7
0.6244;8,18,5,16,0,4,2,9,19,6,1,15,17,7,10,11,13,14,12,3
0.6254;4,18,0,14,16,8,5,12,3,6,11,2,15,19,10,13,17,7,1,9
0.6264;4,16,8,6,12,5,14,10,13,3,11,2,17,18,15,1,19,0,9,7
0.6274;10,11,12,0,8,13,17,18,9,4,1,2,3,7,6,16,5,19,15,14
0.6284;0,4,19,13,1,7,17,15,12,16,9,2,3,8,11,10,5,14,6,18
0.6294;0,5,7,18,1,16,14,4,2,19,13,10,6,8,15,9,17,3,12,11
0.6304;18,5,17,10,16,12,13,9,6,19,2,3,14,15,8,1,11,7,0,4
0.6314;13,14,6,10,16,7,2,15,19,17,0,1,11,9,18,5,8,3,4,12
0.6324;13,7,6,4,17,19,9,2,12,10,8,14,11,15,3,18,16,1,5,0
0.6334;8,7,4,3,5,19,18,14,0,10,17,13,1,16,11,12,15,9,6,2
0.6344;8,0,3,17,5,19,2,11,15,6,9,1,13,12,16,4,14,18,7,10
0.6354;3,0,1,6,5,17,4,13,19,11,2,9,15,10,18,16,7,14,8,12
0.6364;7,0,8,15,16,12,4,13,10,18,14,1,19,9,11,17,6,3,5,2
0.6374;7,15,5,10,16,17,18,3,0,1,19,12,6,4,8,9,2,11,14,13
0.6384;15,5,12,13,10,17,14,4,0,2,3,9,6,7,16,1,8,11,19,18
0.6394;0,5,16,6,3,8,17,7,14,10,1,9,12,15,13,19,18,4,2,11
0.6404;14,5,4,6,17,9,11,10,13,2,19,3,18,8,0,15,12,1,16,7
0.6414;13,19,10,6,17,9,1,18,16,11,15,7,0,12,3,4,5,2,8,14
0.6424;3,16,14,6,1,10,17,7,12,13,15,9,19,0,4,18,8,5,11,2
0.6434;6,17,7,5,8,10,15,14,13,1,11,9,16,4,18,12,19,3,2,0
0.6444;6,16,19,10,5,9,13,2,12,1,4,15,8,18,14,17,7,0,3,11
0.6454;6,16,2,1,5,8,11,13,4,12,18,7,17,14,10,3,19,15,0,9
0.6464;18,16,7,1,13,2,5,4,3,15,14,19,10,12,17,9,0,8,6,11
0.6474;3,16,5,12,2,13,17,7,18,19,9,8,11,6,1,10,14,15,0,4
0.6484;0,15,13,7,12,5,8,11,9,1,18,10,6,2,4,16,3,14,17,19
0.6494;0,2,9,6,4,8,10,5,14,19,16,3,11,15,13,18,12,17,7,1
0.6503;9,19,12,16,4,18,10,0,15,7,11,3,8,17,6,13,1,2,5,14
0.6513;9,0,18,16,5,17,14,13,6,10,15,7,8,4,19,1,3,12,2,11
0.6523;9,0,1,4,11,17,19,6,13,15,12,10,14,5,3,16,18,8,7,2
0.6533;14,0,5,9,11,18,15,12,7,10,2,8,4,3,6,19,16,17,1,13
0.6543;3,6,0,11,13,7,8,5,18,2,12,15,16,17,10,4,9,19,1,14
0.6553;3,14,2,8,11,19,18,12,17,7,10,15,13,16,6,0,9,5,4,1
0.6563;0,6,16,7,11,10,8,17,19,18,14,3,4,9,12,1,2,13,15,5
0.6573;8,6,1,7,3,5,15,18,0,17,9,19,10,2,14,12,13,11,16,4
0.6583;19,7,1,5,14,6,18,17,8,16,13,0,11,15,9,2,3,4,10,12
0.6593;19,15,2,9,11,5,10,4,3,1,17,7,14,12,0,16,13,8,6,18
0.6603;15,6,2,17,18,16,10,3,14,19,9,4,13,5,0,11,8,1,12,7
0.6613;9,12,8,3,17,5,14,18,2,11,15,19,16,13,10,4,7,6,0,1
0.6623;9,17,6,16,3,15,14,10,5,8,7,2,12,0,13,11,4,19,1,18
0.6633;7,16,6,5,4,12,3,1,10,13,15,9,14,0,2,18,8,19,11,17
0.6643;7,0,14,10,8,4,3,2,19,12,15,16,17,6,5,18,1,11,9,13
0.6653;7,17,2,12,15,4,19,16,1,3,8,18,11,10,9,5,13,0,6,14
0.6663;2,11,17,9,4,18,8,5,19,14,1,12,16,10,0,13,7,15,3,6
0.6673;1,11,17,15,4,12,7,14,19,9,18,10,5,8,13,3,6,0,2,16
0.6683;1,11,17,15,8,2,13,18,6,12,9,5,3,0,4,19,14,10,16,7
0.6693;14,1,18,9,7,2,13,17,10,5,8,4,15,19,0,6,11,3,12,16
0.6703;2,8,18,12,14,7,5,15,9,1,19,13,17,3,10,6,0,16,4,11
0.6713;12,13,15,17,2,7,3,6,19,5,9,10,11,4,0,18,1,16,14,8
0.6723;10,13,17,8,4,7,11,18,0,5,9,16,15,14,12,1,19,2,3,6
0.6733;0,6,4,18,17,7,12,9,16,13,8,2,15,10,14,11,3,19,5,1
0.6743;7,17,19,4,1,2,6,3,10,8,14,16,15,0,13,9,11,5,12,18
0.6753;12,3,7,4,15,6,0,8,10,5,11,16,14,18,2,9,17,19,13,1
0.6763;14,3,6,2,10,8,16,5,15,7,9,12,1,13,4,19,11,0,17,18
0.6773;17,3,12,7,14,10,16,1,5,6,9,19,11,2,8,0,13,18,4,15
0.6783;17,6,16,19,8,11,12,14,15,7,0,2,18,3,9,4,1,10,5,13
0.6793;13,10,18,7,1,8,9,0,15,17,3,2,12,14,6,4,19,5,11,16
0.6803;3,16,14,18,5,11,9,7,15,19,13,4,17,1,8,2,6,10,0,12
0.6813;2,5,10,19,11,13,8,16,3,7,14,4,12,17,9,15,0,18,1,6
0.6823;10,8,2,16,0,7,15,12,9,6,14,19,4,5,11,1,13,18,3,17
0.6833;10,13,3,8,16,0,2,11,18,7,5,19,12,6,4,17,1,9,14,15
0.6843;10,6,7,18,9,0,11,14,5,8,16,1,12,19,17,3,4,13,15,2
0.6853;11,10,7,6,2,14,5,0,15,3,16,17,4,18,1,12,13,19,9,8
0.6863;10,6,7,9,11,2,5,1,19,12,4,17,3,16,18,15,14,0,8,13
0.6873;12,8,7,6,3,15,5,18,1,16,11,10,14,0,19,2,13,9,4,17
0.6883;14,11,15,7,8,19,13,17,1,3,16,2,12,9,6,0,18,4,5,10
0.6893;14,0,15,10,5,19,2,1,11,8,4,3,16,7,17,9,12,13,18,6
0.6903;3,0,15,9,8,19,1,17,4,10,11,2,14,18,5,12,13,6,16,7
0.6913;8,15,0,16,18,13,17,11,2,7,12,4,9,3,19,10,1,6,5,14
0.6923;13,15,14,19,8,3,6,11,1,7,18,4,0,17,10,5,12,9,2,16
0.6933;15,13,14,1,10,19,2,6,8,18,16,5,0,17,4,7,9,11,3,12
0.6943;13,1,0,3,10,12,15,16,11,9,17,5,14,4,18,19,7,8,6,2
0.6953;6,2,4,10,16,14,7,3,17,12,11,8,1,0,15,18,13,9,19,5
0.6963;12,11,9,1,16,7,13,2,18,17,3,0,4,6,5,8,15,10,14,19
0.6973;16,12,11,9,0,13,7,17,18,4,1,3,14,15,8,10,6,19,5,2
0.6983;10,12,3,2,0,14,1,8,15,9,17,11,6,13,18,4,19,16,5,7
0.6993;10,9,2,0,8,16,7,15,11,14,3,1,17,12,6,5,19,13,4,18
0.7003;15,7,16,19,8,10,11,13,6,1,12,14,2,18,9,5,3,0,17,4
0.7013;10,14,4,15,8,1,6,11,13,7,3,9,5,18,17,12,16,2,19,0
0.7023;11,14,7,4,2,13,10,18,9,15,5,6,3,12,17,8,19,0,1,16
0.7033;14,19,16,17,12,1,4,9,6,8,13,18,10,2,15,3,5,11,0,7
0.7043;10,19,7,14,13,3,4,9,8,16,12,17,2,6,5,15,0,18,11,1
0.7053;18,19,5,15,4,3,16,6,2,7,12,11,13,14,10,9,1,0,8,17
0.7063;13,12,5,17,8,15,16,2,4,10,1,7,18,19,6,11,14,3,0,9
0.7073;10,12,8,11,7,13,15,4,9,16,6,0,1,14,18,2,5,19,3,17
0.7083;19,4,2,11,14,5,15,3,17,12,13,0,1,18,8,6,9,16,7,10
0.7093;17,14,2,10,0,1,15,3,11,8,5,18,7,9,19,16,12,13,6,4
0.7103;15,17,9,16,13,1,5,8,14,7,6,18,3,4,2,19,12,10,0,11
0.7113;17,0,9,11,13,3,14,7,5,18,2,15,10,19,12,1,6,16,4,8
0.7123;6,0,8,10,13,17,7,19,18,5,1,4,9,3,14,12,16,11,15,2
0.7133;13,1,8,10,17,6,4,5,14,2,12,19,9,18,7,3,15,0,11,16
0.7143;17,13,8,14,0,6,12,10,18,7,4,5,2,9,19,16,1,3,15,11
0.7153;13,12,8,10,19,14,17,5,6,2,0,18,1,15,11,3,9,7,16,4
0.7163;14,12,19,9,8,1,18,6,15,0,5,3,13,17,11,10,4,2,7,16
0.7173;4,18,9,8,15,2,7,10,11,0,14,3,6,1,19,16,17,5,13,12
0.7183;4,3,7,13,6,9,10,8,11,16,14,18,19,15,17,5,0,2,12,1
0.7193;9,5,1,13,8,10,15,4,18,17,6,3,16,14,19,7,11,2,0,12
0.7203;0,1,5,9,2,4,3,19,6,11,7,15,17,8,10,16,12,18,13,14
0.7213;0,2,1,18,13,5,3,11,12,19,4,10,9,7,14,8,15,6,16,17
0.7223;0,8,14,6,4,5,10,13,2,11,9,3,17,15,1,18,12,16,19,7
0.7233;9,19,14,0,10,12,4,13,6,7,5,15,16,11,17,2,1,18,3,8
0.7243;10,9,1,6,2,12,4,19,16,15,13,0,3,5,18,11,8,14,7,17
0.7253;16,9,10,12,14,13,6,11,1,18,5,3,7,17,19,15,4,2,8,0
0.7263;16,6,19,3,5,4,9,13,8,18,17,7,11,15,1,12,14,10,0,2
0.7273;15,12,8,5,3,14,4,0,19,1,11,9,17,7,13,16,10,6,2,18
0.7283;15,2,13,8,7,12,5,17,19,1,14,9,3,4,11,18,0,16,6,10
0.7293;19,0,18,12,7,8,17,13,15,2,16,6,3,9,1,10,5,11,14,4
0.7303;5,14,11,15,10,13,8,16,0,12,17,18,3,9,1,19,6,4,7,2
0.7313;7,14,8,12,10,13,19,15,3,2,18,9,1,17,16,4,11,0,6,5
0.7323;16,5,17,19,4,14,15,0,8,1,2,9,13,3,10,6,12,11,7,18
0.7333;12,6,15,16,2,14,0,10,1,4,19,13,8,3,5,18,9,17,7,11
0.7343;17,14,12,0,4,6,2,11,1,10,15,3,13,18,19,8,16,9,7,5
0.7353;6,14,12,4,5,18,2,3,13,11,16,9,15,7,0,17,19,10,1,8
0.7363;6,12,10,0,19,11,16,3,5,7,8,14,17,18,15,9,13,2,4,1
0.7373;4,18,12,8,19,14,16,5,10,6,0,3,15,11,13,17,2,7,1,9
0.7383;16,13,8,12,18,3,9,6,2,17,19,0,15,7,14,5,1,10,4,11
0.7393;16,14,3,8,5,0,9,6,2,11,4,18,10,12,17,13,15,7,1,19
0.7403;16,3,7,9,2,8,4,19,5,6,11,13,1,0,12,18,15,10,17,14
0.7413;6,3,19,11,13,15,1,16,7,17,18,12,0,4,8,10,2,9,14,5
0.7423;6,3,8,0,18,7,12,17,13,1,9,4,16,10,19,5,2,11,15,14
0.7433;6,4,8,16,1,12,3,5,19,0,2,11,7,9,17,14,15,18,10,13
0.7443;13,6,8,3,12,11,18,7,9,4,5,15,0,1,17,16,10,14,19,2
0.7453;15,8,9,17,16,7,18,14,13,0,12,6,4,5,19,1,3,2,11,10
0.7463;3,4,10,6,11,7,17,14,0,9,16,12,18,15,19,2,5,8,13,1
0.7473;10,1,0,13,11,8,3,18,6,7,9,17,14,2,5,15,19,4,16,12
0.7483;0,1,15,2,7,8,16,4,6,10,19,18,5,12,11,13,14,3,17,9
0.7493;15,1,2,9,13,8,7,16,5,10,3,18,12,4,19,17,6,0,11,14
0.7502;14,13,7,16,1,8,15,2,17,11,9,12,3,19,4,10,0,6,18,5
0.7512;14,12,5,3,16,11,6,2,7,17,13,19,18,8,0,15,1,10,4,9
0.7522;14,9,0,19,15,7,16,1,3,17,13,4,18,2,12,8,11,5,10,6
0.7532;7,18,4,10,14,0,1,13,12,2,16,3,15,8,9,17,11,6,5,19
0.7542;5,2,13,6,17,11,8,7,19,3,9,1,15,10,16,14,0,4,12,18
0.7552;3,5,13,2,17,12,7,8,1,0,15,11,4,14,10,9,19,16,18,6
0.7562;12,5,8,0,1,4,9,19,11,6,13,14,18,17,7,10,16,2,3,15
0.7572;1,7,8,12,6,4,11,17,2,16,13,9,0,14,15,19,18,3,5,10
0.7582;15,17,19,2,1,6,11,7,13,10,9,16,14,12,4,8,0,5,18,3
0.7592;6,13,1,2,5,14,9,7,18,16,11,17,4,12,8,0,3,10,15,19
0.7602;0,5,1,2,15,9,14,17,3,11,18,7,16,8,13,19,10,6,4,12
0.7612;8,15,1,9,13,2,19,16,3,7,17,12,11,18,10,5,14,4,0,6
0.7622;9,19,3,13,18,11,2,16,6,7,17,8,5,0,14,4,15,10,1,12
0.7632;9,19,14,13,8,4,2,10,16,17,18,6,11,7,12,15,1,5,3,0
0.7642;10,2,6,11,15,4,16,7,8,0,5,14,19,9,18,17,1,3,13,12
0.7652;15,0,6,11,8,3,16,5,1,14,9,17,10,19,4,18,13,7,2,12
0.7662;15,9,8,3,10,2,0,5,4,18,16,17,19,1,12,7,11,6,14,13
0.7672;18,15,1,3,5,17,4,2,0,11,16,14,6,7,8,13,10,19,12,9
0.7682;6,4,11,14,15,18,16,7,8,17,3,5,1,13,12,10,2,19,9,0
0.7692;5,17,6,19,0,9,3,15,11,1,16,4,12,13,14,18,2,8,7,10
0.7702;19,11,16,15,12,9,5,13,17,1,4,10,7,3,6,0,18,14,8,2
0.7712;6,2,5,15,9,1,16,0,4,17,7,18,11,8,19,10,14,13,12,3
0.7722;1,13,5,15,16,14,0,19,10,17,9,18,6,3,8,11,12,4,7,2
0.7732;7,13,8,17,4,10,14,11,9,19,15,3,12,18,16,0,5,2,1,6
0.7742;11,5,19,17,9,8,7,10,18,14,0,3,1,12,16,6,4,13,15,2
0.7752;13,5,19,15,2,11,12,1,3,16,4,18,10,0,8,14,9,17,7,6
0.7762;16,2,15,12,19,0,1,7,8,13,14,10,18,11,5,4,6,9,17,3
0.7772;7,15,6,2,19,5,11,1,18,12,14,16,3,17,4,8,13,10,9,0
0.7782;3,16,0,2,5,7,12,1,18,8,10,6,14,19,9,15,4,11,13,17
0.7792;0,19,8,18,5,10,7,1,3,14,16,6,12,13,17,4,15,9,11,2
0.7802;0,16,18,11,2,8,12,10,14,17,1,15,5,9,3,19,6,13,7,4
0.7812;6,19,5,14,3,11,2,17,15,1,10,8,18,7,4,9,12,0,16,13
0.7822;6,14,11,13,9,16,5,8,4,18,10,17,2,12,19,7,3,1,15,0
0.7832;3,7,11,4,10,16,2,8,6,9,17,0,5,19,14,18,12,15,13,1
0.7842;10,4,5,14,17,2,16,18,6,8,0,19,7,1,15,12,9,13,11,3
0.7852;12,4,8,6,2,17,1,7,14,11,10,13,9,15,0,5,16,19,3,18
0.7862;3,4,9,13,8,5,2,10,12,15,14,6,11,1,0,16,18,7,17,19
0.7872;19,14,0,11,13,9,1,5,12,16,4,7,15,2,10,18,17,8,3,6
0.7882;10,13,11,12,6,14,0,1,18,4,5,16,15,7,19,9,17,8,2,3
0.7892;12,16,14,10,18,11,4,6,7,2,0,13,17,8,5,15,1,3,19,9
0.7902;4,9,12,18,7,19,14,15,6,0,5,16,3,8,13,10,1,11,2,17
0.7912;6,3,13,18,17,1,12,9,10,2,5,4,19,15,14,16,0,8,7,11
0.7922;0,5,11,14,1,17,12,9,10,3,13,18,4,6,7,15,19,2,8,16
0.7932;8,1,19,17,6,13,14,0,5,7,12,18,4,9,10,11,15,16,2,3
0.7942;8,1,13,16,3,0,6,15,17,2,12,10,11,14,4,5,18,7,19,9
0.7952;8,4,18,3,10,17,16,15,11,2,1,6,7,19,14,12,9,5,13,0
0.7962;8,1,0,3,11,4,13,6,19,2,18,12,14,5,15,17,10,16,9,7
0.7972;8,15,11,5,14,0,10,6,12,19,4,9,7,18,3,17,16,1,2,13
0.7982;11,10,2,9,0,14,12,3,4,18,15,6,8,13,7,19,16,17,5,1
0.7992;17,13,16,0,9,11,5,19,14,4,3,6,8,1,15,7,12,10,18,2
0.8002;15,13,8,17,3,5,9,0,10,1,4,7,11,6,19,16,2,14,12,18
0.8012;0,13,2,11,3,19,4,14,8,5,9,17,18,6,16,12,1,7,15,10
0.8022;9,3,7,5,10,2,19,14,8,0,11,1,4,6,15,18,12,16,13,17
0.8032;6,9,14,5,16,7,3,17,11,15,2,1,13,19,12,18,8,0,10,4
0.8042;1,13,3,2,18,7,15,11,10,5,6,17,9,0,8,19,12,16,4,14
0.8052;11,16,7,2,18,8,17,19,14,12,15,13,10,3,0,5,1,9,6,4
0.8062;11,2,7,3,0,8,18,6,17,15,14,13,16,5,9,19,4,1,12,10
0.8072;11,4,1,7,18,3,15,6,12,19,0,8,14,5,10,17,2,16,9,13
0.8082;6,5,1,0,19,15,12,8,18,3,7,11,10,9,2,4,16,17,13,14
0.8092;9,7,2,13,19,0,6,8,15,1,5,10,16,3,4,14,11,12,17,18
0.8102;2,8,9,17,10,0,3,7,6,11,18,19,14,16,1,5,13,15,12,4
0.8112;7,8,3,0,19,17,14,10,18,9,6,2,5,15,13,4,12,1,11,16
0.8122;3,12,11,13,9,4,14,8,0,17,15,7,18,6,5,1,2,19,16,10
0.8132;4,1,15,18,0,7,14,8,12,11,16,3,13,17,19,2,5,6,10,9
0.8142;14,5,10,11,19,3,7,8,9,18,12,0,15,17,6,13,16,2,4,1
0.8152;14,11,1,5,0,6,16,7,15,17,13,3,2,8,19,18,9,10,4,12
0.8162;11,3,17,10,0,18,19,7,5,8,15,14,2,13,1,12,6,9,16,4
0.8172;13,15,10,7,0,6,8,16,5,2,17,1,19,12,14,4,3,11,9,18
0.8182;18,12,3,2,0,15,8,4,11,16,19,5,1,17,7,14,6,10,13,9
0.8192;7,1,19,17,0,13,6,15,4,9,3,12,5,2,11,10,14,18,16,8
0.8202;0,2,12,17,6,5,11,4,14,8,19,10,1,7,16,15,3,18,13,9
0.8212;0,17,12,2,15,13,9,16,8,7,10,1,11,18,5,6,4,19,14,3
0.8222;2,8,19,4,13,7,14,11,9,15,0,10,1,18,16,6,17,3,5,12
0.8232;2,6,18,8,13,14,9,4,7,12,10,15,19,11,0,17,16,5,3,1
0.8242;17,6,15,5,16,10,3,9,18,2,11,1,0,14,12,7,13,8,19,4
0.8252;4,6,7,3,5,1,10,0,19,2,13,14,9,12,16,8,17,18,11,15
0.8262;0,18,14,9,7,1,5,3,6,2,19,13,16,12,17,4,10,8,15,11
0.8272;0,3,16,5,6,7,12,14,2,1,18,17,9,19,4,13,11,10,8,15
0.8282;0,3,6,5,17,9,19,10,4,2,11,7,18,16,14,12,13,15,1,8
0.8292;2,13,0,5,12,4,8,17,3,7,14,10,18,16,19,15,1,9,6,11
0.8302;12,0,17,10,9,16,6,2,3,19,18,5,14,13,15,4,1,8,11,7
0.8312;0,8,19,10,7,1,17,15,9,6,12,3,18,5,2,14,16,11,13,4
0.8322;2,9,11,7,15,8,0,1,10,19,12,6,18,13,17,4,14,5,16,3
0.8332;3,2,6,7,4,19,18,15,10,5,17,14,13,0,1,9,12,16,8,11
0.8342;14,16,6,15,13,5,11,9,2,4,17,8,18,10,1,12,19,0,7,3
0.8352;1,5,7,4,9,16,6,13,3,15,8,0,19,18,17,11,14,10,2,12
0.8362;6,15,14,19,9,16,10,1,11,5,7,0,17,3,13,12,2,8,18,4
0.8372;7,6,10,8,11,16,13,17,15,9,0,5,3,14,1,2,4,18,19,12
0.8382;19,5,18,8,11,4,7,9,0,1,15,14,16,2,10,3,12,17,6,13
0.8392;4,5,2,6,7,1,9,17,10,19,3,0,14,8,11,15,18,12,16,13
0.8402;14,16,4,6,8,12,15,3,10,13,7,18,2,11,5,9,17,19,1,0
0.8412;15,3,4,14,8,0,13,10,16,11,5,19,18,2,7,1,6,9,12,17
0.8422;15,9,4,0,2,8,13,7,3,1,18,6,10,17,19,11,14,12,5,16
0.8432;15,9,8,17,4,14,5,16,11,6,18,0,13,12,10,2,3,7,1,19
0.8442;2,0,8,11,4,19,5,7,6,15,18,16,17,13,12,3,9,14,10,1
0.8452;13,0,8,17,6,14,2,10,16,9,18,4,12,19,3,7,5,1,15,11
0.8462;3,0,10,17,1,14,4,7,5,18,13,11,6,19,16,2,12,15,8,9
0.8472;15,19,2,7,6,10,14,0,5,13,8,17,16,11,1,9,12,4,3,18
0.8482;15,6,7,2,10,13,12,9,5,18,14,3,19,17,8,0,11,1,16,4
0.8492;18,0,8,2,9,3,12,16,4,15,19,10,6,13,1,5,17,7,14,11
0.8501;7,0,11,18,13,14,12,10,16,15,4,1,2,5,9,19,8,3,17,6
0.8511;0,13,11,18,17,6,7,2,14,16,8,4,15,10,9,5,19,3,1,12
0.8521;13,19,1,18,3,14,12,4,6,5,2,8,7,15,0,17,16,10,11,9
0.8531;5,8,18,1,7,14,4,16,6,15,3,11,10,19,9,13,17,2,0,12
0.8541;12,3,18,0,16,15,8,7,1,17,10,5,4,13,2,19,11,14,9,6
0.8551;9,15,13,12,3,8,6,2,11,14,17,18,5,4,1,16,7,10,0,19
0.8561;11,4,13,19,5,10,8,9,7,16,12,18,15,17,14,6,2,1,3,0
0.8571;17,11,12,2,0,10,15,18,5,19,6,9,13,7,3,8,4,16,14,1
0.8581;19,13,10,4,0,6,8,12,5,16,15,11,3,1,9,7,14,17,18,2
0.8591;9,5,11,19,4,0,10,1,17,18,15,14,3,16,2,7,8,6,13,12
0.8601;16,5,9,18,3,12,14,1,0,11,17,10,15,4,19,13,8,2,6,7
0.8611;16,5,3,2,12,6,14,17,18,8,9,0,4,15,13,11,10,1,7,19
0.8621;9,5,16,2,11,19,10,8,7,17,18,15,3,0,14,6,4,12,1,13
0.8631;7,14,5,2,19,4,0,8,6,11,15,16,3,1,13,18,10,12,9,17
0.8641;17,0,2,5,19,7,14,4,9,1,15,6,10,16,11,12,18,13,8,3
0.8651;8,16,14,5,6,13,11,4,15,2,17,3,19,1,7,10,18,9,0,12
0.8661;13,0,10,7,9,12,19,15,18,3,14,2,5,4,11,17,1,8,6,16
0.8671;4,12,18,7,11,10,5,15,0,8,16,17,6,13,2,1,3,19,14,9
0.8681;4,17,11,7,12,15,18,19,13,9,3,0,16,10,8,1,6,2,5,14
0.8691;10,11,6,7,4,14,19,0,3,8,17,18,16,9,5,15,13,12,1,2
0.8701;8,11,9,4,16,15,1,0,5,7,17,2,18,12,19,3,13,14,10,6
0.8711;14,12,4,18,11,2,1,10,17,16,5,6,0,19,7,8,13,9,15,3
0.8721;10,12,5,17,8,9,11,7,0,15,1,6,18,19,13,2,16,14,3,4
0.8731;10,8,7,15,17,9,12,2,0,5,6,3,13,14,11,1,4,18,19,16
0.8741;2,15,8,7,6,11,9,18,0,10,17,4,14,12,16,5,13,3,19,1
0.8751;12,18,17,15,9,11,16,19,2,6,14,5,1,3,8,4,13,10,7,0
0.8761;19,2,6,5,4,11,10,3,1,17,9,12,18,13,8,16,14,7,0,15
0.8771;18,16,5,13,11,7,10,4,19,3,9,6,15,1,17,14,2,8,12,0
0.8781;18,16,5,14,9,6,10,15,13,12,0,17,7,19,3,8,11,2,1,4
0.8791;18,8,4,16,19,6,5,15,13,10,12,0,14,7,1,2,17,11,9,3
0.8801;11,18,4,1,16,13,14,7,17,5,2,19,10,8,15,6,12,3,9,0
0.8811;9,19,7,11,16,12,14,1,0,13,15,3,10,8,6,17,18,4,2,5
0.8821;3,16,0,7,19,12,2,17,18,4,15,14,5,13,10,11,6,8,1,9
0.8831;4,12,15,7,19,0,1,8,18,6,2,9,13,14,5,16,17,3,10,11
0.8841;7,5,10,11,18,0,1,3,14,19,13,9,12,6,8,2,16,15,4,17
0.8851;18,9,4,14,7,8,19,3,5,6,11,13,12,17,10,0,2,16,1,15
0.8861;1,9,17,10,7,19,18,2,5,3,13,6,12,14,8,11,15,4,0,16
0.8871;8,18,17,12,0,10,5,2,3,11,9,14,19,6,16,4,7,15,1,13
0.8881;10,18,17,16,3,8,2,5,12,0,7,11,4,13,19,1,15,14,6,9
0.8891;5,15,18,16,11,13,17,3,1,19,7,4,12,8,0,6,10,2,9,14
0.8901;18,6,19,17,11,0,3,1,12,5,7,2,16,10,4,13,15,9,14,8
0.8911;6,18,19,15,3,13,4,2,12,14,16,1,0,17,5,9,11,8,7,10
0.8921;13,18,19,15,5,16,1,10,8,7,14,3,17,6,0,9,4,2,12,11
0.8931;10,16,5,12,7,6,15,3,8,19,9,1,13,18,0,11,14,17,4,2
0.8941;11,16,17,19,7,0,5,8,3,18,12,13,4,10,6,14,15,2,9,1
0.8951;13,2,3,19,11,0,7,5,1,9,14,15,4,10,17,18,6,8,16,12
0.8961;19,7,3,5,17,0,16,1,12,10,18,15,2,9,13,6,11,4,14,8
0.8971;19,1,3,9,10,0,5,12,4,17,11,16,6,2,15,7,13,8,18,14
0.8981;2,0,11,7,12,6,5,13,8,17,18,14,1,10,16,9,15,19,4,3
0.8991;14,3,10,13,17,6,18,7,19,15,16,2,4,5,8,9,1,0,11,12
0.9001;14,10,11,0,6,17,9,13,7,2,5,19,4,16,3,12,18,8,1,15
0.9011;0,10,2,14,13,5,19,6,12,16,1,3,7,18,11,9,4,17,15,8
0.9021;19,6,2,8,18,0,16,3,9,4,11,5,7,1,13,15,10,12,14,17
0.9031;11,3,2,14,10,13,16,7,9,1,8,5,0,6,17,19,15,4,12,18
0.9041;1,2,11,15,10,14,16,13,0,9,19,3,5,18,4,17,8,6,12,7
0.9051;1,12,13,15,10,9,8,3,11,4,18,7,5,17,19,2,6,0,16,14
0.9061;1,9,2,7,6,13,3,12,17,0,14,8,5,11,19,10,4,18,15,16
0.9071;9,15,2,14,12,13,3,6,18,19,11,4,17,0,16,5,7,1,8,10
0.9081;6,3,4,14,0,13,15,5,7,11,18,2,8,9,1,17,12,19,10,16
0.9091;2,18,12,11,4,6,15,1,5,14,3,10,9,7,17,19,0,16,8,13
0.9101;19,13,4,14,5,12,15,3,16,11,17,18,8,6,9,2,10,7,0,1
0.9111;19,17,2,16,18,10,8,11,14,1,12,6,7,9,5,0,13,4,3,15
0.9121;11,17,16,13,14,3,1,0,5,6,10,9,7,18,8,4,19,2,15,12
0.9131;11,2,1,13,0,6,17,15,19,8,16,14,10,18,5,7,4,12,9,3
0.9141;6,2,9,8,0,13,1,4,12,14,16,17,7,10,19,3,5,15,18,11
0.9151;6,5,9,10,15,1,17,19,4,0,7,13,3,11,16,2,12,18,8,14
0.9161;16,4,6,10,18,17,5,19,3,8,15,14,1,12,11,9,0,7,13,2
0.9171;16,4,10,11,19,15,12,0,3,18,8,13,7,17,5,6,14,1,2,9
0.9181;7,4,18,17,13,12,16,15,9,3,0,5,8,6,10,14,11,1,19,2
0.9191;7,4,10,13,11,9,5,16,12,18,8,15,2,3,17,0,1,19,14,6
0.9201;17,1,12,18,19,9,5,13,2,7,15,0,10,3,4,14,6,8,16,11
0.9211;17,18,5,16,19,0,9,10,11,15,7,12,6,2,1,13,8,4,3,14
0.9221;12,18,13,7,4,6,0,2,11,15,3,9,10,17,16,19,5,1,14,8
0.9231;6,0,9,5,8,12,7,1,11,4,3,14,13,18,15,17,10,19,2,16
0.9241;12,2,7,8,10,6,0,1,16,19,5,14,3,17,4,13,11,18,9,15
0.9251;9,6,7,17,5,2,3,12,11,14,15,8,4,19,13,16,1,18,10,0
0.9261;2,6,0,3,4,13,5,10,11,9,15,14,8,19,1,7,18,12,16,17
0.9271;1,7,4,19,16,2,18,10,11,5,15,12,6,8,3,14,17,9,0,13
0.9281;0,11,4,12,2,16,15,1,8,14,18,9,7,17,3,10,13,5,6,19
0.9291;4,10,13,2,18,6,15,3,7,9,14,12,11,17,8,19,16,1,0,5
0.9301;4,3,15,18,2,16,5,9,7,14,17,13,0,19,11,10,8,12,1,6
0.9311;10,8,19,16,2,18,7,14,11,9,5,4,6,13,17,12,0,3,15,1
0.9321;10,15,12,11,2,13,14,17,5,19,16,6,0,1,3,7,4,8,18,9
0.9331;6,1,12,0,2,8,14,5,10,15,7,19,3,18,11,9,16,4,13,17
0.9341;6,18,2,4,16,12,3,11,13,0,14,19,9,1,5,10,7,8,17,15
0.9351;3,18,4,15,16,12,11,9,14,6,17,7,5,0,13,19,10,2,8,1
0.9361;3,17,2,5,10,15,0,9,1,6,18,12,8,4,11,16,7,19,14,13
0.9371;18,13,6,7,14,15,3,9,1,4,8,19,17,11,10,16,12,2,0,5
0.9381;10,2,6,5,12,18,0,9,1,16,15,19,8,13,11,7,4,3,14,17
0.9391;8,5,6,17,10,19,15,14,18,7,13,1,9,11,0,3,2,16,4,12
0.9401;10,16,6,19,4,17,11,15,0,7,14,13,3,1,9,2,8,18,12,5
0.9411;19,16,7,9,4,18,10,0,14,1,15,2,6,13,5,8,3,12,11,17
0.9421;12,16,2,13,0,19,10,1,11,5,17,8,4,9,15,6,14,18,7,3
0.9431;9,16,2,1,15,11,8,12,5,7,10,4,17,14,13,18,19,0,6,3
0.9441;10,3,16,1,17,9,13,12,8,4,15,7,19,18,6,11,14,2,0,5
0.9451;10,17,6,1,2,18,15,8,13,19,14,5,16,12,3,9,4,11,0,7
0.9461;10,14,0,11,5,2,17,1,13,19,8,18,15,16,9,4,12,7,3,6
0.9471;17,2,11,19,7,14,18,10,4,15,1,3,0,8,13,9,16,5,6,12
0.9481;17,19,15,13,0,14,10,6,5,11,12,9,7,18,16,2,8,1,4,3
0.9491;10,11,17,5,3,7,4,12,1,6,18,9,16,19,2,14,15,8,13,0
0.95;17,4,9,5,3,10,18,14,16,12,0,11,19,1,8,6,13,7,2,15
0.951;18,11,9,8,0,12,17,19,2,10,16,13,6,3,15,4,14,5,7,1
0.952;18,19,12,1,0,11,6,5,14,7,2,8,17,16,9,3,15,4,13,10
0.953;0,6,12,16,2,11,7,10,13,8,3,1,9,15,17,19,4,14,18,5
0.954;9,2,16,12,15,14,10,17,1,19,6,13,0,7,11,18,3,4,5,8
0.955;9,4,17,13,10,16,19,14,1,15,5,2,7,12,6,0,8,11,3,18
0.956;9,2,14,8,10,11,19,12,1,13,4,0,16,18,17,7,6,3,15,5
0.957;11,8,6,18,5,7,19,15,17,13,4,14,3,12,10,0,9,1,16,2
0.958;11,10,4,0,2,7,8,9,17,19,12,14,5,1,3,15,13,16,18,6
0.959;18,7,19,11,16,2,8,15,1,4,10,13,12,17,3,14,0,6,5,9
0.96;5,12,10,11,2,6,0,15,13,7,1,9,8,16,3,17,19,14,4,18
0.961;5,0,17,1,18,3,14,2,11,13,7,9,10,16,4,15,8,6,19,12
0.962;10,0,5,4,9,14,3,7,1,16,19,15,17,13,12,6,18,11,8,2
0.963;15,18,12,0,6,16,9,3,1,14,19,13,8,4,10,11,17,5,7,2
0.964;0,15,16,5,7,13,9,17,4,10,19,3,1,8,18,12,11,2,14,6
0.965;0,4,17,10,6,12,9,19,15,8,11,3,5,2,14,1,13,18,7,16
0.966;0,18,1,3,6,2,10,11,16,7,13,9,12,15,17,8,5,19,14,4
0.967;10,9,19,17,18,2,0,14,13,15,16,6,8,4,7,11,1,3,5,12
0.968;2,13,19,11,18,17,16,5,10,14,8,6,0,1,15,4,12,7,9,3
0.969;0,4,19,15,18,17,13,14,7,9,3,11,8,16,2,1,5,12,6,10
0.97;10,12,0,4,18,5,8,9,15,11,2,17,14,16,7,1,13,19,3,6
0.971;6,13,10,0,11,5,8,3,15,16,14,12,9,2,17,19,1,4,18,7
0.972;18,12,2,0,1,19,17,16,15,4,9,10,8,7,11,13,14,5,6,3
0.973;16,1,2,14,17,19,12,8,3,9,13,15,6,18,4,0,5,11,10,7
0.974;13,16,15,10,4,17,6,12,3,9,5,2,1,18,14,8,11,19,7,0
0.975;5,16,15,10,14,9,7,2,3,11,6,4,13,1,17,19,0,18,12,8
0.976;2,9,15,11,19,16,12,17,10,8,0,1,4,6,5,14,18,3,13,7
0.977;3,1,13,11,12,15,5,10,17,6,14,19,9,16,4,18,7,2,0,8
0.978;6,14,1,19,5,16,2,8,17,3,4,0,9,12,18,7,15,13,10,11
0.979;15,14,5,19,6,8,12,10,7,3,0,18,16,4,11,13,17,1,2,9
0.98;3,2,5,12,1,7,19,11,9,15,6,14,13,17,18,16,0,10,8,4
0.981;12,1,6,10,4,17,19,16,11,13,5,9,15,2,7,14,18,8,0,3
0.982;4,12,19,17,3,9,0,16,11,2,6,10,1,18,7,8,5,15,14,13
0.983;12,1,17,9,13,15,0,2,11,14,18,3,4,10,5,19,6,7,16,8
0.984;1,10,9,14,3,2,13,19,17,8,18,0,4,12,7,6,16,11,5,15
0.985;18,14,3,10,11,2,16,0,17,19,7,13,9,15,6,12,8,5,1,4
0.986;5,14,12,10,2,15,16,13,11,4,7,3,18,1,0,8,19,6,9,17
0.987;5,7,13,10,11,15,0,12,9,14,8,1,19,18,6,16,4,2,17,3
0.988;3,5,13,19,15,7,11,18,4,16,0,8,9,1,14,2,10,6,17,12
0.989;8,17,13,10,15,4,0,5,3,16,9,7,18,14,2,11,1,19,12,6
0.99;2,12,19,10,14,18,16,5,15,7,9,11,8,6,1,0,17,3,13,4
0.991;10,16,1,6,9,17,3,15,18,7,11,13,8,14,0,19,4,12,5,2
0.992;10,12,5,14,7,17,8,2,11,1,0,19,6,16,4,15,3,18,9,13
0.993;10,2,1,18,7,4,0,9,11,6,14,8,19,15,13,3,12,16,5,17
0.994;16,17,1,19,8,2,0,11,9,14,5,10,7,13,15,6,3,4,18,12
0.995;1,14,13,4,16,7,2,9,15,17,11,10,0,12,19,5,18,3,6,8
0.996;15,12,14,4,1,5,18,9,8,10,6,17,2,7,16,11,0,19,3,13
0.997;17,16,12,3,7,13,18,14,8,1,6,15,0,9,5,10,11,4,2,19
0.998;13,8,17,15,14,12,9,0,7,1,10,11,2,6,16,4,5,18,3,19
0.999;2,5,17,1,19,15,11,0,10,9,14,7,16,12,18,4,8,6,13,3
