1000
0.001;0,19,2,3,4,5,6,7,10,9,8,11,12,13,14,15,1,18,16,17
0.002;2,19,18,8,4,5,6,7,10,9,3,11,12,13,17,15,1,14,16,0
0.003;2,19,18,14,16,5,6,7,8,9,13,11,15,3,17,12,1,10,4,0
0.004;2,19,18,14,4,10,6,7,9,3,5,11,15,8,17,12,1,13,16,0
0.005;2,19,18,14,4,10,6,5,9,3,7,1,0,8,17,12,13,16,11,15
0.006;2,3,7,5,4,10,6,14,9,1,18,19,0,12,17,8,13,16,11,15
0.007;17,3,7,5,4,10,12,14,9,1,18,19,0,13,2,8,6,15,16,11
0.008;17,14,7,5,1,10,12,3,2,4,18,19,0,13,9,11,6,15,8,16
0.009;19,14,7,5,1,10,17,3,0,4,18,12,9,13,2,16,6,15,8,11
0.01;19,14,15,5,1,3,12,10,0,6,16,17,9,13,2,18,4,7,8,11
0.011;19,14,15,5,1,3,16,10,0,11,2,7,6,13,12,18,4,17,8,9
0.012;19,14,15,9,1,3,0,5,11,8,2,7,6,13,12,18,4,17,16,10
0.013;19,14,15,9,1,4,18,5,0,8,2,10,6,13,12,11,7,17,16,3
0.014;19,14,15,9,17,4,18,5,0,8,12,10,2,13,6,1,7,16,11,3
0.015;19,3,15,9,17,4,7,5,0,8,12,10,13,2,6,1,14,11,16,18
0.016;19,7,17,9,15,8,2,5,0,4,12,10,6,3,13,1,14,11,16,18
0.017;19,15,17,9,18,11,2,5,10,4,12,0,6,3,13,1,14,16,8,7
0.018;16,15,17,9,18,11,13,5,10,14,12,2,6,3,0,1,4,19,7,8
0.019;16,19,17,9,18,11,13,5,8,6,1,2,14,3,0,7,4,15,12,10
0.02;6,19,17,12,18,11,13,0,8,1,16,2,14,3,5,7,9,15,4,10
0.021;6,7,16,2,18,11,13,10,4,1,17,12,14,3,5,19,9,15,8,0
0.022;6,7,16,2,18,11,3,0,4,1,17,12,8,13,9,19,15,5,14,10
0.023;1,7,16,2,18,11,3,0,4,6,17,14,8,13,10,12,19,5,15,9
0.024;1,7,16,2,18,11,3,0,4,6,8,17,10,5,14,12,15,13,19,9
0.025;1,19,7,2,18,11,3,0,4,6,8,17,14,13,10,12,15,5,9,16
0.026;2,19,5,1,6,16,3,7,4,18,8,17,14,13,10,12,15,0,9,11
0.027;13,19,5,1,12,16,3,7,4,18,10,11,6,2,8,14,15,0,9,17
0.028;13,7,5,1,12,16,3,19,2,14,4,11,6,15,8,18,10,0,9,17
0.029;13,7,5,1,12,19,17,6,2,14,8,11,16,15,4,18,10,0,3,9
0.03;13,5,7,10,4,19,17,6,2,3,8,11,9,15,12,18,1,0,14,16
0.031;13,11,7,10,4,19,17,9,12,0,8,18,6,15,2,5,1,3,14,16
0.032;13,17,7,10,0,19,11,9,12,4,8,18,6,5,3,15,1,2,16,14
0.033;13,17,7,10,12,19,11,0,9,4,5,18,6,8,16,15,1,2,14,3
0.034;9,17,7,10,12,19,3,0,4,13,5,18,6,11,16,2,1,15,14,8
0.035;4,17,16,0,12,19,3,5,9,13,18,10,6,11,7,2,1,15,14,8
0.036;4,17,10,9,12,1,3,19,0,13,11,16,6,18,7,2,5,15,14,8
0.037;2,17,10,9,12,8,3,19,0,11,13,16,6,1,7,15,5,4,14,18
0.038;2,9,10,17,12,8,3,19,0,11,16,15,6,5,7,13,14,4,1,18
0.039;2,9,15,17,12,14,3,19,0,11,16,1,6,5,7,13,18,4,8,10
0.04;2,9,15,17,19,14,11,12,0,3,16,1,6,5,7,18,10,13,8,4
0.041;6,9,15,17,19,14,11,8,0,3,16,1,2,5,7,10,18,12,4,13
0.042;6,9,15,17,19,4,0,8,11,3,16,13,10,2,7,5,18,12,14,1
0.043;1,9,15,11,19,4,18,8,17,3,16,7,10,12,13,5,0,2,14,6
0.044;1,14,15,11,19,4,7,8,16,3,17,9,10,5,13,12,0,2,18,6
0.045;1,10,15,4,19,11,7,8,6,3,17,9,14,12,13,5,2,0,18,16
0.046;1,10,15,4,9,11,7,8,6,2,17,19,14,16,13,0,12,5,18,3
0.047;5,10,15,4,9,11,7,13,6,2,18,19,14,12,17,0,16,1,8,3
0.048;5,10,2,4,9,13,18,11,6,15,8,19,14,16,17,0,12,1,7,3
0.049;17,13,2,19,9,10,18,11,6,15,8,16,14,4,5,0,12,7,1,3
0.05;17,13,14,3,9,10,18,11,6,15,8,2,0,4,5,16,12,1,7,19
0.0509;9,13,14,3,17,10,18,4,6,15,8,5,0,11,2,1,7,16,12,19
0.0519;3,13,14,9,17,10,18,4,6,5,0,15,8,11,16,1,7,12,2,19
0.0529;3,13,9,8,17,10,18,4,6,5,14,15,2,11,16,1,7,0,12,19
0.0539;3,13,9,8,17,10,18,4,1,0,14,7,2,5,16,6,15,12,11,19
0.0549;3,13,9,5,17,10,18,4,1,0,14,7,2,6,16,12,8,15,19,11
0.0559;3,13,9,5,19,7,2,4,1,0,14,10,18,6,12,16,8,15,11,17
0.0569;3,13,8,5,19,7,2,4,1,16,14,11,0,6,12,18,9,10,15,17
0.0579;3,13,19,12,8,7,2,4,11,16,14,5,0,6,1,18,9,17,15,10
0.0589;3,13,19,12,8,7,9,18,10,16,14,5,2,11,1,4,0,17,15,6
0.0599;3,13,19,17,8,7,9,18,10,16,5,4,2,11,1,14,6,12,0,15
0.0609;3,13,8,17,19,7,9,11,10,6,5,18,2,12,1,14,16,4,0,15
0.0619;3,13,8,17,19,7,9,6,18,11,0,4,10,12,1,14,16,2,5,15
0.0629;3,13,8,17,4,2,9,6,0,10,18,19,11,12,1,14,5,7,16,15
0.0639;3,13,8,17,4,7,5,6,0,19,2,10,14,12,1,11,9,18,16,15
0.0649;3,6,8,17,4,11,2,10,0,19,5,13,14,12,15,7,9,18,16,1
0.0659;13,6,8,17,11,4,2,1,7,19,5,3,14,15,12,0,9,18,16,10
0.0669;3,6,8,17,12,4,2,15,7,19,5,11,13,1,14,0,9,18,16,10
0.0679;0,17,8,6,12,4,2,9,19,7,5,15,13,1,14,3,11,18,16,10
0.0689;0,5,8,6,12,4,2,9,1,7,17,3,13,14,19,15,11,10,16,18
0.0699;0,5,8,6,1,4,2,9,12,7,18,3,16,14,11,15,19,17,13,10
0.0709;14,5,2,6,1,4,8,9,12,16,18,3,7,19,11,15,17,0,13,10
0.0719;6,5,2,14,18,4,8,16,12,9,1,3,7,11,19,15,17,0,10,13
0.0729;6,5,17,14,13,0,8,16,12,9,11,3,7,1,19,15,18,4,10,2
0.0739;6,5,17,14,13,0,2,15,12,1,11,3,7,9,8,16,4,18,10,19
0.0749;6,5,17,14,0,13,8,15,12,1,11,3,7,19,2,4,16,9,10,18
0.0759;10,5,17,14,0,13,8,2,12,1,15,3,7,19,11,4,9,16,18,6
0.0769;17,8,10,14,0,13,5,2,12,1,16,3,7,6,11,15,9,4,18,19
0.0779;17,8,16,14,0,13,19,15,12,1,2,3,6,7,11,10,9,4,18,5
0.0789;17,6,16,14,0,13,18,15,19,1,2,3,8,7,4,11,9,10,12,5
0.0799;17,6,16,14,0,13,18,15,19,1,12,3,8,5,9,2,4,7,11,10
0.0809;17,6,18,14,0,13,16,15,5,3,12,1,7,19,9,2,8,4,11,10
0.0819;18,6,10,0,11,8,16,15,5,3,12,1,7,19,9,2,13,4,14,17
0.0829;14,6,10,0,11,8,4,15,5,3,12,1,17,9,18,2,13,16,19,7
0.0839;14,6,4,0,8,11,13,15,3,5,12,1,17,9,16,2,10,18,19,7
0.0849;14,6,4,10,9,11,19,15,3,5,12,1,17,13,16,2,8,18,0,7
0.0859;5,6,4,10,9,11,2,0,3,14,12,19,17,15,16,1,8,18,13,7
0.0869;5,6,4,13,9,11,16,0,8,14,12,19,7,17,2,1,3,18,10,15
0.0879;5,6,4,13,9,10,16,0,2,14,12,11,7,17,1,8,19,18,3,15
0.0889;5,6,4,13,17,10,16,0,2,14,12,7,11,9,15,18,8,19,3,1
0.0899;5,6,4,13,3,10,16,0,2,14,15,7,11,9,17,18,8,1,19,12
0.0909;5,6,4,13,3,10,16,0,11,14,15,7,2,9,1,17,8,12,18,19
0.0919;5,6,3,13,4,10,16,0,11,14,1,19,2,8,15,17,9,7,18,12
0.0929;5,6,19,13,4,11,16,0,10,14,2,3,8,1,15,17,7,9,18,12
0.0939;5,12,9,11,4,13,16,0,10,14,2,3,8,6,18,17,7,19,15,1
0.0949;5,12,9,11,4,13,10,18,16,14,0,3,8,7,2,17,19,6,15,1
0.0959;5,12,9,11,3,13,10,18,16,0,14,7,8,4,2,17,19,15,1,6
0.0969;5,12,3,11,9,13,10,18,16,4,14,6,8,0,2,17,19,7,15,1
0.0979;7,12,6,0,9,13,17,18,16,4,14,5,8,11,2,10,19,3,15,1
0.0989;7,11,6,8,9,13,15,18,16,4,14,5,0,12,2,10,19,1,3,17
0.0999;7,11,19,8,9,12,15,18,0,4,14,5,16,13,1,10,3,2,6,17
0.1009;19,0,7,8,14,12,15,18,11,4,9,16,5,13,1,10,6,2,3,17
0.1019;4,0,14,8,7,12,15,18,11,19,2,16,5,13,9,10,1,6,3,17
0.1029;5,0,14,8,7,12,15,18,9,10,2,19,6,13,11,16,1,4,3,17
0.1039;5,16,14,8,7,12,15,18,17,10,2,9,6,11,13,0,1,19,3,4
0.1049;5,16,14,8,7,9,1,18,17,10,2,12,15,11,13,6,0,19,4,3
0.1059;5,16,14,8,3,9,1,18,17,19,2,12,11,15,0,6,10,13,4,7
0.1069;5,16,17,3,8,9,18,1,14,19,13,12,11,15,0,6,7,2,4,10
0.1079;5,16,17,12,8,18,9,1,14,19,7,3,11,13,0,6,15,4,2,10
0.1089;5,16,17,12,8,18,9,1,0,19,3,7,15,14,6,13,11,4,2,10
0.1099;17,16,5,12,8,14,9,1,0,19,3,18,7,15,13,6,11,4,2,10
0.1109;17,16,5,8,11,14,15,1,3,19,0,18,7,9,12,6,13,4,2,10
0.1119;1,16,5,12,6,14,15,17,3,19,0,18,7,9,8,11,13,2,10,4
0.1129;1,16,5,10,6,11,18,14,3,19,0,15,13,9,8,17,7,2,12,4
0.1139;1,16,12,10,6,11,18,15,3,7,13,14,0,9,8,4,19,2,5,17
0.1149;1,16,12,18,6,11,2,15,3,10,13,14,0,4,8,9,19,7,17,5
0.1159;1,16,12,18,6,7,2,17,3,10,13,14,0,8,19,9,11,4,15,5
0.1169;1,6,12,18,16,10,2,17,3,7,15,14,0,8,19,9,4,13,11,5
0.1179;13,6,12,9,16,4,14,17,3,7,15,2,0,8,19,18,10,5,11,1
0.1189;13,6,8,9,16,4,14,17,3,18,15,2,12,0,1,19,10,5,11,7
0.1199;13,6,8,4,7,9,14,17,3,0,15,2,12,18,16,11,10,5,19,1
0.1209;13,1,8,4,16,9,14,17,3,0,15,12,10,18,7,6,2,5,19,11
0.1219;13,1,8,12,16,17,14,0,3,9,2,4,10,18,11,6,15,5,19,7
0.1229;13,1,8,5,16,4,14,0,3,10,2,17,9,18,15,6,11,12,7,19
0.1239;11,1,13,5,16,12,14,0,3,2,10,17,9,18,15,6,8,7,4,19
0.1249;3,14,13,5,16,12,1,0,11,2,4,15,9,7,17,6,8,18,10,19
0.1259;13,19,2,5,16,12,1,3,11,0,4,15,9,7,18,6,8,17,10,14
0.1269;13,19,2,16,5,12,6,3,11,0,4,8,7,9,10,1,15,17,18,14
0.1279;9,19,2,17,5,12,6,3,11,7,4,8,0,13,10,15,1,16,14,18
0.1289;17,19,2,9,18,12,6,3,10,7,4,8,0,14,11,15,5,16,13,1
0.1299;17,19,2,9,18,16,14,3,8,7,4,10,6,0,11,15,5,1,13,12
0.1309;17,5,2,9,18,16,14,3,8,7,11,10,0,12,4,15,19,13,1,6
0.1319;17,5,2,9,18,0,14,13,8,1,11,10,16,12,19,3,4,15,7,6
0.1329;7,5,2,9,18,19,14,13,8,1,11,3,16,12,0,15,4,6,17,10
0.1339;7,5,3,9,18,4,12,13,8,1,11,14,16,2,0,15,19,6,10,17
0.1349;7,17,3,9,18,4,12,13,14,1,11,5,16,2,0,15,10,6,8,19
0.1359;7,17,3,9,18,4,12,13,14,2,15,5,16,1,6,11,8,0,19,10
0.1369;7,17,3,14,18,0,10,13,9,2,15,5,16,6,1,19,8,4,11,12
0.1379;7,9,3,14,13,2,10,4,17,0,15,5,16,6,1,19,18,8,11,12
0.1389;7,9,3,13,14,2,10,4,17,0,19,12,1,6,16,11,18,8,15,5
0.1399;7,19,3,15,9,2,10,1,11,0,14,12,4,6,16,17,18,8,13,5
0.1409;7,19,3,15,9,4,0,18,11,10,14,12,2,5,16,17,13,8,1,6
0.1419;7,19,12,2,9,4,0,18,11,10,14,3,1,8,16,17,6,5,15,13
0.1429;7,19,12,2,13,4,0,18,11,10,15,14,17,8,6,1,16,5,3,9
0.1439;17,19,12,1,13,4,0,15,11,10,9,14,5,8,6,2,16,7,3,18
0.1449;17,19,12,1,13,4,0,5,11,10,9,3,7,8,14,2,16,15,18,6
0.1459;17,18,12,1,8,4,0,5,13,10,19,3,7,11,14,2,16,15,6,9
0.1469;17,18,12,1,8,4,0,5,6,9,19,3,11,7,16,2,14,10,13,15
0.1479;17,18,14,7,19,4,0,5,6,9,10,3,11,1,16,2,8,12,13,15
0.1489;17,18,16,7,19,4,11,12,15,9,2,3,0,1,14,10,8,5,13,6
0.1499;17,10,16,7,19,4,11,6,2,0,15,3,9,13,14,18,8,5,1,12
0.1508;17,10,16,7,3,4,11,6,1,15,5,19,9,13,14,0,8,18,2,12
0.1518;19,10,16,7,3,4,11,6,1,15,5,12,9,8,14,0,13,17,18,2
0.1528;19,10,13,7,15,4,11,6,1,12,5,3,9,16,17,0,8,14,18,2
0.1538;19,10,13,7,8,9,11,15,1,12,5,3,4,16,2,0,6,14,17,18
0.1548;19,14,13,7,8,9,1,15,11,12,5,3,6,4,2,0,16,17,10,18
0.1558;19,14,13,7,8,18,1,10,2,12,5,3,0,16,11,6,4,17,15,9
0.1568;19,14,13,7,8,18,3,10,2,12,5,0,1,16,11,17,6,4,9,15
0.1578;19,14,13,10,17,18,3,7,9,11,4,0,1,16,12,8,6,5,2,15
0.1588;19,14,13,10,17,4,8,7,12,11,18,6,1,0,9,3,16,5,2,15
0.1598;3,9,13,10,17,4,8,7,1,11,18,6,12,0,14,19,16,15,5,2
0.1608;3,9,13,1,17,4,8,12,10,15,14,11,7,0,18,19,16,6,5,2
0.1618;3,9,6,1,17,4,12,8,10,16,14,11,7,0,15,19,18,13,2,5
0.1628;3,9,6,1,17,11,12,8,10,16,14,7,13,0,15,18,19,5,2,4
0.1638;3,9,7,1,10,15,12,8,17,4,14,6,13,0,11,18,19,5,16,2
0.1648;3,9,13,1,10,17,7,5,15,19,14,6,12,0,11,18,4,8,16,2
0.1658;2,9,13,1,10,3,7,5,15,19,11,6,12,0,17,18,4,14,16,8
0.1668;6,9,13,15,4,3,7,5,1,19,14,2,12,16,17,18,10,11,0,8
0.1678;6,9,13,3,4,15,7,5,1,19,14,2,17,16,12,8,10,0,18,11
0.1688;6,9,13,3,4,15,14,5,1,19,7,2,11,16,12,17,10,8,0,18
0.1698;6,12,13,3,4,15,14,8,1,19,17,2,11,16,0,9,10,5,7,18
0.1708;10,12,13,3,4,15,14,8,1,19,16,2,11,17,6,9,5,0,18,7
0.1718;15,12,0,5,4,10,14,8,13,19,16,7,11,17,6,9,3,1,18,2
0.1728;15,2,0,5,4,10,14,16,13,18,8,7,11,17,6,12,3,1,9,19
0.1738;15,14,0,5,4,10,2,16,19,18,6,7,11,17,8,12,1,13,9,3
0.1748;15,4,0,5,14,10,2,16,12,18,7,6,11,17,8,1,3,13,9,19
0.1758;15,4,0,13,14,10,2,5,12,18,7,6,19,17,1,8,3,16,11,9
0.1768;15,4,0,13,11,10,2,5,12,18,14,6,19,17,1,9,8,7,16,3
0.1778;15,3,0,13,5,10,2,4,7,18,14,17,19,6,1,9,8,12,16,11
0.1788;1,3,11,13,14,10,16,4,7,18,5,17,19,6,15,9,0,12,2,8
0.1798;7,3,11,13,6,10,12,4,1,14,5,8,19,18,15,9,0,16,2,17
0.1808;4,3,11,13,6,10,12,7,1,8,5,14,2,18,15,9,0,19,17,16
0.1818;19,3,16,6,13,10,12,7,1,5,8,14,2,18,15,9,4,0,17,11
0.1828;9,13,16,15,3,10,12,7,1,5,6,14,19,18,8,2,4,0,17,11
0.1838;9,13,16,15,18,10,12,2,1,5,6,14,19,0,8,7,17,4,3,11
0.1848;9,13,16,15,7,10,12,2,1,19,6,14,5,0,4,18,17,11,8,3
0.1858;11,13,16,15,7,10,12,2,3,19,6,14,1,0,9,17,18,4,8,5
0.1868;11,13,10,15,6,16,12,2,3,19,7,14,1,0,17,18,9,4,5,8
0.1878;11,10,13,15,3,16,12,2,7,19,6,14,1,17,0,4,9,18,5,8
0.1888;11,3,13,15,10,5,12,6,7,19,2,14,1,17,0,4,16,18,8,9
0.1898;19,8,13,15,10,1,12,6,7,11,2,14,5,17,3,4,0,18,16,9
0.1908;19,8,13,3,10,1,15,4,7,11,2,14,18,0,12,6,17,5,16,9
0.1918;18,8,13,3,10,12,15,4,7,16,2,14,6,0,9,19,17,5,11,1
0.1928;18,13,8,3,17,12,15,2,7,16,4,9,6,1,14,19,10,5,11,0
0.1938;18,13,15,3,17,12,8,4,7,16,2,9,10,1,14,19,0,5,6,11
0.1948;18,13,15,3,2,19,8,4,7,16,12,9,10,11,14,6,0,5,17,1
0.1958;18,13,15,3,0,19,8,4,14,7,12,17,10,11,9,6,2,5,16,1
0.1968;18,13,6,3,0,19,16,14,4,7,12,17,1,11,2,15,9,5,8,10
0.1978;8,13,6,12,0,7,16,14,4,2,5,17,1,11,19,15,9,3,18,10
0.1988;8,13,6,12,19,11,16,14,4,2,5,17,18,9,7,15,0,3,1,10
0.1998;8,13,6,12,19,11,16,14,4,15,5,17,2,18,7,3,0,9,10,1
0.2008;14,13,2,12,19,11,16,8,4,17,5,15,6,18,3,7,0,10,9,1
0.2018;14,13,2,12,19,5,8,16,4,3,10,15,6,18,17,7,0,1,9,11
0.2028;14,1,2,12,0,5,8,17,19,3,10,15,6,18,16,7,4,13,11,9
0.2038;10,1,2,12,0,15,8,16,19,3,14,5,6,17,18,11,4,13,7,9
0.2048;10,8,2,12,11,15,1,16,13,3,14,5,6,17,18,0,19,4,9,7
0.2058;13,8,2,12,11,15,1,16,10,3,14,19,7,9,18,0,4,5,17,6
0.2068;13,17,2,12,6,1,15,16,10,3,14,19,7,0,18,9,4,11,8,5
0.2078;3,17,2,12,6,1,15,16,10,4,14,19,9,0,18,7,13,8,5,11
0.2088;3,12,2,17,6,1,15,16,10,18,14,19,9,13,4,7,5,0,8,11
0.2098;3,12,2,17,6,13,15,16,10,4,14,0,11,1,7,18,5,19,8,9
0.2108;3,12,2,17,7,13,19,16,10,4,14,0,11,5,9,18,1,6,8,15
0.2118;3,10,2,17,7,4,13,16,12,19,18,0,11,5,9,14,1,6,15,8
0.2128;3,10,2,17,7,4,13,16,15,19,18,14,0,5,12,11,1,9,6,8
0.2138;3,10,2,17,7,8,13,16,15,9,18,11,0,1,12,14,5,4,6,19
0.2148;3,6,2,18,7,14,13,16,15,9,17,12,0,1,11,8,19,4,10,5
0.2158;3,7,16,18,6,14,0,8,15,9,17,12,13,1,10,2,19,4,11,5
0.2168;3,11,16,18,0,14,7,8,15,9,17,4,13,1,10,2,19,12,5,6
0.2178;3,9,11,18,6,14,16,8,15,7,17,4,13,1,10,2,19,12,0,5
0.2188;3,19,11,18,0,12,16,8,15,7,4,17,14,1,10,2,9,13,6,5
0.2198;3,19,11,16,0,7,18,8,15,12,10,1,14,17,4,2,5,13,6,9
0.2208;3,7,11,10,0,19,18,2,15,4,16,1,14,13,12,8,5,17,6,9
0.2218;3,7,11,1,0,19,18,14,15,4,9,10,13,12,2,8,5,17,6,16
0.2228;3,7,11,18,13,19,1,14,2,4,9,6,0,5,15,8,12,17,10,16
0.2238;3,7,10,18,17,19,1,14,9,4,2,6,0,5,15,16,13,12,11,8
0.2248;3,7,9,12,17,19,1,14,5,4,2,13,18,10,15,16,6,0,11,8
0.2258;3,11,9,16,17,19,6,14,5,4,2,13,18,10,12,8,1,0,7,15
0.2268;5,3,9,16,10,19,6,14,11,4,2,13,18,17,8,12,1,7,0,15
0.2278;15,3,10,16,9,19,17,14,11,4,2,13,18,12,1,6,8,7,0,5
0.2288;14,9,10,16,3,19,17,15,7,13,2,4,18,12,5,6,8,11,0,1
0.2298;14,9,19,16,18,10,17,15,7,11,13,4,3,12,5,0,8,2,6,1
0.2308;14,9,19,16,8,10,4,15,7,11,13,17,5,12,3,0,1,2,18,6
0.2318;14,9,19,16,8,10,2,15,7,6,13,17,1,12,3,0,4,5,11,18
0.2328;9,14,19,16,4,10,1,15,7,6,13,17,2,12,5,18,8,3,11,0
0.2338;2,14,19,16,17,10,1,15,7,6,12,4,9,5,13,18,3,8,11,0
0.2348;2,14,19,17,16,10,13,15,3,6,4,12,9,5,1,18,7,8,0,11
0.2358;4,14,19,17,16,10,13,15,3,6,2,5,9,0,7,18,1,11,12,8
0.2368;4,14,19,11,10,17,13,15,3,6,8,5,9,0,16,18,1,7,12,2
0.2378;4,14,19,13,10,17,11,15,3,7,8,9,0,5,16,18,1,6,2,12
0.2388;4,17,19,13,10,16,11,15,3,7,8,9,6,5,12,14,1,0,2,18
0.2398;4,11,19,13,10,16,17,15,3,7,12,9,18,5,6,14,1,2,0,8
0.2408;4,19,11,13,10,16,17,15,3,7,12,5,18,9,6,14,0,8,2,1
0.2418;4,19,11,10,13,16,17,15,7,3,12,1,18,9,0,14,8,6,2,5
0.2428;17,19,11,12,13,16,4,15,0,6,10,1,18,14,7,9,8,3,2,5
0.2438;17,16,11,19,13,4,12,15,0,6,10,1,7,14,3,9,8,18,2,5
0.2448;17,16,11,19,15,4,12,13,0,1,5,6,7,10,3,9,8,14,2,18
0.2458;12,16,7,19,15,4,17,13,0,6,5,3,11,10,1,9,8,14,18,2
0.2468;12,16,19,7,15,4,17,13,18,5,6,3,11,10,9,8,1,14,0,2
0.2478;16,8,15,7,19,4,17,13,18,5,6,3,1,10,9,12,11,2,0,14
0.2488;10,8,15,7,16,4,17,13,18,5,14,3,1,19,2,12,9,11,0,6
0.2498;10,8,15,19,16,0,17,13,18,5,14,3,1,7,11,9,4,2,12,6
0.2507;10,8,9,19,16,0,17,13,7,5,14,11,3,18,1,15,6,2,12,4
0.2517;13,8,9,19,16,0,17,10,15,2,14,11,3,18,1,12,6,5,4,7
0.2527;13,8,19,9,16,0,17,10,15,2,3,11,12,4,5,14,6,1,18,7
0.2537;6,8,19,9,16,0,17,10,15,2,1,11,14,7,5,13,12,3,18,4
0.2547;6,8,10,16,9,1,17,19,13,2,0,11,14,7,5,15,18,3,12,4
0.2557;4,8,10,16,7,1,17,0,13,2,19,11,14,9,3,18,15,5,12,6
0.2567;4,8,10,16,7,1,17,14,0,3,19,2,13,9,15,18,11,5,12,6
0.2577;7,16,10,8,4,1,17,12,0,3,19,13,2,6,15,18,11,5,14,9
0.2587;7,16,10,8,4,1,17,12,0,6,5,13,2,9,11,15,18,19,14,3
0.2597;7,16,10,8,4,1,12,17,0,6,5,3,9,2,11,15,13,19,18,14
0.2607;7,16,10,8,4,1,12,15,14,6,5,3,11,2,0,13,17,19,18,9
0.2617;7,16,10,17,4,1,5,6,14,15,12,11,18,2,0,13,8,19,3,9
0.2627;7,16,9,19,4,1,5,18,14,15,10,11,6,2,0,13,8,3,17,12
0.2637;7,16,9,19,4,1,5,18,14,15,10,0,13,8,11,17,2,3,12,6
0.2647;7,16,9,19,4,6,5,3,14,15,13,0,10,8,1,17,2,12,18,11
0.2657;2,16,7,19,4,6,5,3,14,15,9,0,10,8,12,18,13,1,17,11
0.2667;2,16,14,19,4,6,5,17,7,15,18,0,10,8,1,9,13,11,3,12
0.2677;2,13,14,12,4,6,5,17,7,15,18,1,10,8,0,9,19,3,11,16
0.2687;2,13,14,12,4,18,5,17,7,1,6,9,10,8,16,11,19,3,15,0
0.2697;2,8,14,12,0,18,15,17,7,1,6,9,16,13,11,10,19,3,5,4
0.2707;2,5,14,12,0,18,15,17,7,1,19,9,16,11,13,10,6,4,3,8
0.2717;2,13,14,18,0,12,15,17,11,1,10,9,16,7,5,3,6,4,19,8
0.2727;0,10,14,18,2,12,15,17,11,1,9,13,6,7,3,5,16,4,19,8
0.2737;0,10,14,18,2,12,4,17,15,1,9,13,6,7,3,11,8,5,16,19
0.2747;6,10,12,18,2,14,4,1,3,17,16,13,0,7,15,11,8,5,9,19
0.2757;6,10,12,4,2,14,18,1,3,15,16,13,0,5,19,11,8,7,17,9
0.2767;6,10,5,4,2,14,15,7,3,18,16,17,11,12,19,0,8,1,13,9
0.2777;6,10,17,4,2,14,9,7,3,0,16,5,11,8,19,18,12,13,1,15
0.2787;13,10,17,4,2,14,9,15,3,0,16,5,19,8,12,18,7,6,1,11
0.2797;13,10,16,4,2,17,9,15,3,18,14,5,0,8,7,19,12,6,1,11
0.2807;13,14,16,0,2,17,7,15,3,18,10,5,4,8,9,1,11,6,19,12
0.2817;10,14,3,0,2,17,7,15,18,16,13,5,19,8,9,1,11,12,4,6
0.2827;10,14,3,6,5,17,11,0,18,16,13,2,19,8,9,1,7,12,15,4
0.2837;10,14,7,6,5,17,11,0,18,16,13,2,19,9,8,4,12,3,1,15
0.2847;10,14,7,6,18,17,2,19,5,16,13,11,3,9,8,4,12,0,15,1
0.2857;10,14,7,6,18,11,2,13,16,8,19,17,3,9,5,4,12,15,0,1
0.2867;10,14,7,6,18,11,19,13,16,5,2,17,3,9,1,4,8,15,12,0
0.2877;10,8,7,6,18,11,19,13,16,9,17,2,3,14,5,4,1,15,12,0
0.2887;10,8,7,6,18,11,19,1,16,9,15,12,3,14,5,4,13,2,0,17
0.2897;8,7,10,6,18,11,19,5,16,9,13,12,3,14,1,4,15,2,17,0
0.2907;8,15,10,6,2,11,19,5,16,9,17,12,18,14,1,4,0,3,13,7
0.2917;8,15,14,6,2,1,19,5,13,9,17,12,3,11,10,4,0,18,16,7
0.2927;8,15,14,6,7,1,5,9,13,19,17,12,4,11,10,0,3,18,16,2
0.2937;8,15,14,0,7,1,5,10,6,19,17,16,4,11,9,13,3,18,2,12
0.2947;8,15,14,0,9,1,5,10,6,11,16,13,4,18,7,17,3,19,2,12
0.2957;8,15,13,3,9,1,5,10,6,11,16,14,4,12,17,7,2,19,0,18
0.2967;8,6,13,3,9,1,16,10,19,11,5,14,12,4,17,7,15,2,0,18
0.2977;8,6,13,1,9,3,19,10,16,11,5,14,12,7,17,4,15,18,2,0
0.2987;14,6,13,1,9,3,19,10,16,11,0,5,12,7,2,4,15,17,18,8
0.2997;14,6,13,1,9,18,19,10,16,8,0,5,12,4,2,17,15,7,11,3
0.3007;14,6,13,12,9,18,17,10,16,7,0,5,1,4,19,2,11,8,15,3
0.3017;14,17,13,0,9,18,6,7,16,10,12,5,3,4,19,2,11,15,8,1
0.3027;14,17,13,0,9,18,1,19,16,6,12,5,10,8,7,2,11,15,4,3
0.3037;14,17,4,0,9,18,13,19,11,6,12,5,10,8,15,2,7,16,1,3
0.3047;14,17,4,8,9,15,13,6,19,11,12,5,0,10,18,2,7,16,1,3
0.3057;10,17,4,8,6,2,13,9,19,11,12,5,0,16,18,14,7,15,1,3
0.3067;10,7,2,8,9,4,13,18,0,11,12,5,19,16,6,14,17,15,1,3
0.3077;14,7,2,12,9,4,13,18,0,5,8,11,17,16,6,10,1,15,19,3
0.3087;14,7,2,12,9,4,13,17,0,5,11,15,18,8,6,1,10,16,19,3
0.3097;14,7,2,12,0,4,13,17,9,6,3,15,18,8,5,1,19,11,10,16
0.3107;4,7,2,12,15,14,13,17,9,11,3,0,10,8,5,1,19,16,18,6
0.3117;4,7,2,12,15,14,13,17,9,1,19,8,10,0,16,11,18,5,3,6
0.3127;4,7,9,12,15,0,8,17,2,1,19,13,10,6,16,11,14,5,3,18
0.3137;4,7,5,12,15,0,8,17,2,1,19,18,3,6,16,14,11,13,10,9
0.3147;4,7,10,12,15,16,8,17,2,19,1,18,3,13,0,14,11,5,6,9
0.3157;4,7,10,12,13,16,8,5,2,17,18,1,3,9,0,14,11,19,6,15
0.3167;4,6,16,12,13,10,7,19,2,17,18,1,3,9,5,14,11,0,8,15
0.3177;4,6,11,12,13,10,7,19,2,17,18,1,3,5,16,14,15,0,9,8
0.3187;4,6,11,18,13,10,8,19,2,17,12,1,3,5,14,16,0,15,7,9
0.3197;4,6,11,14,13,7,8,19,2,16,12,1,3,0,18,17,15,5,10,9
0.3207;16,14,11,6,13,7,5,19,2,4,3,1,17,0,18,12,15,8,10,9
0.3217;16,14,11,6,13,12,9,19,2,4,8,3,17,0,18,5,15,1,10,7
0.3227;19,14,11,7,13,12,9,16,1,4,8,3,17,0,18,5,15,10,6,2
0.3237;19,14,11,8,13,12,9,16,6,4,7,3,17,10,15,5,2,0,1,18
0.3247;19,14,11,9,13,5,8,16,3,4,7,17,6,10,15,12,2,0,18,1
0.3257;3,14,11,9,0,16,8,5,19,4,7,17,6,10,15,12,1,13,2,18
0.3267;3,14,11,9,0,16,8,5,15,4,7,17,6,18,1,12,19,2,10,13
0.3277;3,8,11,9,0,16,13,5,15,4,7,18,6,19,2,12,17,1,10,14
0.3287;11,8,3,9,0,13,16,5,15,4,7,19,6,18,2,1,17,12,14,10
0.3297;7,18,9,3,0,15,16,8,13,4,11,19,6,5,2,1,17,12,14,10
0.3307;7,18,16,3,5,15,9,8,13,4,19,2,6,17,11,1,0,12,14,10
0.3317;7,19,16,14,5,15,3,8,6,4,18,2,13,17,11,1,0,12,10,9
0.3327;7,19,16,14,5,4,3,8,9,15,18,2,13,11,6,1,12,0,10,17
0.3337;7,19,13,6,5,4,3,8,9,15,18,2,10,17,14,0,12,1,16,11
0.3347;7,19,13,6,5,4,11,8,10,16,18,2,9,17,0,3,12,1,15,14
0.3357;7,15,3,6,5,4,11,19,10,16,18,1,9,17,0,13,12,2,14,8
0.3367;7,15,3,11,5,4,6,19,10,16,17,0,13,18,1,9,12,2,8,14
0.3377;7,15,3,18,5,4,6,19,10,16,17,0,13,9,11,1,14,12,8,2
0.3387;5,15,3,18,7,6,4,19,16,10,17,11,13,12,0,1,14,9,8,2
0.3397;6,15,3,18,12,5,14,19,16,10,17,11,13,9,0,1,7,4,8,2
0.3407;6,15,5,18,12,3,14,19,16,10,17,9,13,11,0,7,4,1,2,8
0.3417;6,15,5,8,1,3,14,19,16,10,17,2,11,13,0,4,7,12,9,18
0.3427;6,15,5,7,1,3,14,19,16,10,17,9,11,13,18,12,8,4,0,2
0.3437;6,15,5,7,1,10,14,19,18,3,9,17,11,13,16,8,12,4,2,0
0.3447;7,15,0,13,1,10,14,19,2,3,9,17,11,16,6,8,12,4,18,5
0.3457;7,19,0,13,12,10,14,16,3,5,9,17,11,15,6,8,1,4,18,2
0.3467;7,11,0,13,12,10,14,16,3,6,19,17,9,18,5,8,2,4,15,1
0.3477;7,11,3,13,4,10,14,16,0,18,19,17,5,6,9,8,12,2,15,1
0.3487;7,11,3,13,4,10,14,16,0,1,9,17,5,19,2,8,18,6,15,12
0.3497;7,10,6,1,4,11,14,16,0,8,9,17,12,19,2,13,18,3,15,5
0.3506;7,10,6,11,4,1,5,16,19,8,9,17,12,13,15,0,18,3,2,14
0.3516;11,10,6,7,4,1,12,16,19,17,9,8,5,13,15,3,18,0,14,2
0.3526;11,10,0,18,4,2,12,16,19,8,9,17,1,13,15,3,7,6,14,5
0.3536;11,10,4,18,0,2,12,16,19,8,9,17,14,3,15,6,13,7,1,5
0.3546;11,15,4,13,0,2,12,9,19,8,14,17,16,3,10,6,1,7,18,5
0.3556;11,17,4,13,0,3,12,9,19,8,6,15,16,2,10,7,1,18,14,5
0.3566;11,17,0,3,4,15,12,9,7,8,18,13,16,2,10,19,1,6,14,5
0.3576;16,17,0,3,4,15,19,9,7,8,18,13,11,2,12,10,6,14,1,5
0.3586;16,9,0,3,4,15,19,17,13,8,7,18,11,2,12,6,10,14,5,1
0.3596;16,0,9,3,4,15,19,17,13,8,7,5,18,2,1,6,10,14,12,11
0.3606;16,4,14,0,3,15,19,12,13,8,7,5,11,2,1,6,10,9,17,18
0.3616;16,4,14,0,18,15,5,12,11,8,3,19,17,2,1,6,10,9,13,7
0.3626;16,4,14,0,13,7,5,12,11,8,19,3,17,2,1,6,10,18,15,9
0.3636;16,4,14,0,13,12,5,7,6,8,19,9,17,2,1,11,10,15,3,18
0.3646;16,4,6,10,13,12,1,7,14,2,19,9,0,8,5,11,17,15,3,18
0.3656;17,4,6,10,13,12,9,7,19,3,14,1,18,8,5,11,16,15,2,0
0.3666;17,4,3,10,13,12,18,11,9,6,14,1,2,8,5,7,16,15,19,0
0.3676;17,2,12,10,13,3,18,11,9,6,14,1,4,19,15,7,16,5,0,8
0.3686;17,2,15,10,13,3,18,11,9,6,12,16,4,19,14,7,5,8,0,1
0.3696;17,12,15,10,13,3,18,11,9,6,2,4,16,5,14,7,19,1,8,0
0.3706;17,12,15,10,1,14,18,9,11,6,2,13,16,7,3,5,19,4,8,0
0.3716;17,12,15,18,4,14,10,9,11,6,2,13,16,7,3,8,19,0,1,5
0.3726;17,12,15,18,9,0,10,4,11,6,2,19,16,7,3,8,13,5,14,1
0.3736;17,12,15,18,9,13,10,5,11,3,2,19,16,8,6,14,0,4,7,1
0.3746;17,18,15,12,9,2,10,5,11,3,13,6,7,8,19,14,0,16,4,1
0.3756;17,9,1,12,18,2,10,0,11,14,13,6,7,8,19,3,4,16,5,15
0.3766;4,9,3,15,18,2,10,0,11,14,13,6,7,12,19,8,17,16,5,1
0.3776;4,9,3,14,18,2,17,0,11,15,13,8,7,1,19,6,10,16,12,5
0.3786;1,9,12,14,18,2,17,0,11,15,13,8,7,4,3,6,19,5,10,16
0.3796;1,9,12,14,11,13,17,0,18,15,2,7,16,4,8,6,19,5,10,3
0.3806;9,1,18,14,11,13,17,0,16,15,2,4,7,12,8,6,19,5,10,3
0.3816;9,1,18,11,10,6,17,0,16,15,2,4,7,3,8,5,19,13,14,12
0.3826;9,1,18,12,10,6,17,0,5,15,2,4,7,3,11,19,16,8,14,13
0.3836;9,1,18,12,10,6,17,0,5,8,19,4,2,3,15,13,16,11,14,7
0.3846;10,6,0,12,9,1,17,16,5,8,19,18,2,3,15,13,4,11,14,7
0.3856;10,6,0,2,9,1,17,16,5,15,8,18,12,3,19,11,14,13,4,7
0.3866;17,6,0,2,9,1,11,16,13,3,8,18,12,15,19,10,14,5,7,4
0.3876;17,6,0,2,9,12,11,16,5,3,8,10,1,15,19,13,14,18,4,7
0.3886;17,19,0,2,9,12,11,16,5,4,8,10,15,1,13,6,3,18,14,7
0.3896;17,19,0,2,9,12,1,16,5,4,11,10,15,6,3,8,18,13,14,7
0.3906;17,14,0,2,9,7,1,16,5,4,11,3,15,6,10,19,18,13,12,8
0.3916;1,14,0,2,9,7,17,16,5,15,11,10,4,13,3,8,18,6,12,19
0.3926;1,17,0,19,9,7,14,16,8,15,11,13,4,10,3,5,18,6,2,12
0.3936;1,9,0,19,17,14,7,16,8,15,4,13,10,11,12,5,18,6,2,3
0.3946;14,17,0,19,9,1,7,16,8,15,4,12,10,11,13,5,3,6,18,2
0.3956;6,17,0,7,9,1,19,16,8,15,4,12,10,13,11,2,3,5,18,14
0.3966;6,14,0,7,9,1,19,16,8,10,4,12,18,13,11,5,3,2,17,15
0.3976;6,4,19,5,9,1,7,3,8,10,14,12,18,13,11,0,16,2,17,15
0.3986;6,4,19,5,9,1,11,16,8,10,3,12,18,13,14,0,7,15,17,2
0.3996;6,4,0,16,9,15,11,3,8,10,5,18,12,13,14,19,7,1,17,2
0.4006;4,6,16,0,9,15,11,18,8,10,5,3,12,13,17,19,7,1,2,14
0.4016;4,6,17,0,9,15,3,18,8,14,5,11,12,1,10,19,7,13,2,16
0.4026;4,6,17,11,3,15,9,8,18,2,5,0,12,1,10,16,7,13,14,19
0.4036;5,6,17,10,3,15,9,8,18,2,4,13,12,1,16,11,14,0,7,19
0.4046;16,6,17,10,3,2,9,8,18,15,4,13,12,1,5,0,11,14,19,7
0.4056;16,6,17,7,3,2,9,8,14,15,1,13,12,4,5,0,19,11,18,10
0.4066;16,14,17,15,3,2,9,11,6,7,1,13,12,4,5,0,19,10,8,18
0.4076;16,4,17,12,3,2,9,11,6,7,1,13,19,10,5,8,15,14,0,18
0.4086;8,5,6,12,3,2,10,11,17,7,14,13,19,9,4,16,15,1,0,18
0.4096;8,16,6,12,3,2,18,11,17,7,14,4,19,13,9,5,15,0,1,10
0.4106;8,4,6,16,3,2,18,11,17,7,5,15,19,13,9,14,12,10,1,0
0.4116;0,4,6,16,3,11,15,1,17,7,9,18,19,13,5,14,12,10,2,8
0.4126;12,4,17,16,3,11,15,13,6,7,9,14,19,1,5,18,2,10,0,8
0.4136;12,8,17,16,3,11,15,13,6,18,9,14,19,1,5,4,2,0,7,10
0.4146;12,8,17,16,1,11,15,13,2,0,10,14,19,3,5,4,6,9,7,18
0.4156;12,8,17,16,7,11,5,13,2,0,10,14,19,3,15,18,4,6,1,9
0.4166;12,8,6,16,7,11,5,14,2,0,9,13,4,3,15,18,19,17,10,1
0.4176;12,8,18,16,7,11,1,14,2,0,13,9,4,5,15,19,6,17,10,3
0.4186;12,8,18,16,7,11,1,14,19,9,5,0,4,13,17,2,6,15,3,10
0.4196;12,8,18,19,15,11,1,14,16,9,5,2,4,13,17,6,7,0,3,10
0.4206;12,15,18,19,8,11,1,14,16,9,2,5,4,6,17,13,7,10,0,3
0.4216;12,3,18,19,8,11,7,14,16,6,2,5,4,9,17,0,1,13,10,15
0.4226;11,15,18,19,3,12,7,14,16,6,2,17,4,9,5,0,8,13,10,1
0.4236;11,6,18,19,10,14,15,12,16,3,2,17,4,9,5,0,8,13,7,1
0.4246;11,13,8,19,10,14,18,12,16,3,2,17,4,1,5,0,15,9,7,6
0.4256;19,13,5,11,10,14,3,12,18,16,2,17,4,1,8,0,15,9,6,7
0.4266;19,11,14,13,15,5,3,12,18,16,2,17,4,9,10,0,8,1,6,7
0.4276;19,11,14,0,6,5,3,1,18,16,2,4,17,9,10,13,8,7,15,12
0.4286;19,11,14,0,6,3,5,7,18,16,13,4,9,17,10,2,15,1,8,12
0.4296;19,16,14,0,18,9,5,7,12,11,13,4,3,10,17,2,15,1,8,6
0.4306;4,11,14,0,18,9,5,7,12,16,13,3,19,10,17,2,1,6,8,15
0.4316;4,3,14,0,18,9,16,7,13,5,19,1,12,10,17,2,11,6,8,15
0.4326;4,3,17,0,18,9,16,5,13,7,19,1,12,10,6,8,11,14,15,2
0.4336;4,3,1,0,11,9,16,5,13,7,18,17,6,10,14,8,19,12,15,2
0.4346;4,3,19,2,11,9,16,5,13,7,18,17,0,10,15,8,6,12,14,1
0.4356;4,3,19,2,1,9,16,5,13,0,18,17,12,6,15,8,10,14,7,11
0.4366;4,3,19,2,1,9,16,6,13,0,18,17,14,5,15,11,7,12,8,10
0.4376;14,3,19,2,8,9,16,5,13,0,18,17,4,12,15,11,7,10,1,6
0.4386;14,5,19,2,9,8,15,3,6,0,13,17,4,12,16,11,7,10,1,18
0.4396;11,5,17,2,9,8,15,3,6,0,13,19,4,12,18,14,1,16,7,10
0.4406;16,5,4,2,9,8,15,3,6,14,13,0,17,19,18,12,1,11,7,10
0.4416;16,5,4,2,9,8,15,19,11,10,13,12,17,3,18,0,14,6,7,1
0.4426;16,5,4,2,9,8,15,12,1,19,18,10,17,3,13,7,14,6,0,11
0.4436;16,5,4,2,9,14,15,18,1,19,6,3,17,12,13,7,8,10,0,11
0.4446;0,7,4,2,9,14,15,18,1,19,6,3,17,16,13,5,10,12,8,11
0.4456;0,7,4,1,9,6,15,18,3,16,14,2,17,19,13,5,10,8,12,11
0.4466;0,7,4,1,9,6,15,18,3,5,14,16,17,2,19,13,10,8,11,12
0.4476;9,7,4,1,0,6,15,18,11,5,13,16,2,17,19,10,14,8,3,12
0.4486;9,7,4,1,17,6,3,18,10,5,16,13,2,0,19,11,14,12,15,8
0.4496;9,7,4,1,17,6,3,12,5,15,16,13,2,0,11,19,14,8,10,18
0.4505;9,7,4,1,5,6,16,12,17,15,3,0,2,19,11,13,14,18,10,8
0.4515;9,7,8,6,5,1,3,12,17,15,16,0,13,19,11,2,14,18,4,10
0.4525;9,7,11,6,5,1,3,12,17,15,16,19,0,13,4,10,14,18,8,2
0.4535;9,7,5,6,10,17,3,12,1,15,14,19,0,13,4,11,16,2,8,18
0.4545;9,7,5,6,10,17,8,2,1,15,11,4,0,12,19,14,16,13,3,18
0.4555;9,7,5,6,0,17,19,2,1,15,3,4,10,12,8,18,16,14,11,13
0.4565;16,7,5,0,6,17,13,2,1,15,8,4,10,12,3,18,9,14,19,11
0.4575;16,7,5,0,6,17,13,19,1,9,8,14,18,12,4,10,15,3,2,11
0.4585;1,7,5,0,17,6,13,19,16,9,8,14,11,2,4,10,15,3,18,12
0.4595;1,2,5,15,17,3,13,19,16,9,8,14,11,6,4,10,0,12,18,7
0.4605;1,2,5,4,17,13,0,19,16,7,8,14,11,6,12,10,3,15,18,9
0.4615;1,2,8,13,17,4,0,9,16,7,5,14,19,6,12,18,3,15,10,11
0.4625;17,4,8,7,1,2,0,9,5,13,16,14,19,6,12,11,3,15,10,18
0.4635;17,2,8,7,11,4,0,9,5,13,16,14,19,6,12,18,10,15,1,3
0.4645;17,11,8,7,2,3,1,9,5,13,16,14,19,10,12,0,6,15,18,4
0.4655;16,11,10,7,2,3,1,9,5,13,17,14,19,4,12,18,6,15,8,0
0.4665;16,15,10,7,3,4,1,9,19,12,17,14,5,2,13,18,6,11,8,0
0.4675;16,15,12,7,3,4,1,9,0,10,17,14,5,2,13,11,6,19,18,8
0.4685;16,15,12,7,3,2,1,10,18,9,17,14,8,4,5,11,6,19,0,13
0.4695;16,15,12,6,4,7,1,10,18,9,17,14,2,3,5,11,13,19,0,8
0.4705;16,15,12,6,10,17,18,2,1,9,5,14,4,3,7,11,13,19,0,8
0.4715;16,15,12,6,10,17,13,2,11,8,0,14,4,3,9,1,18,19,5,7
0.4725;3,15,0,6,10,17,13,2,11,8,12,19,18,16,9,1,4,5,14,7
0.4735;3,15,18,12,10,17,13,2,11,8,16,19,0,6,9,5,1,4,14,7
0.4745;3,15,16,8,10,17,11,13,2,12,18,19,0,6,9,5,1,7,14,4
0.4755;3,19,16,8,0,17,11,13,2,12,18,15,10,6,14,4,7,1,9,5
0.4765;6,19,0,8,16,17,11,13,2,12,4,14,10,3,15,18,7,5,9,1
0.4775;6,19,0,8,16,17,11,12,5,13,9,14,10,4,15,18,7,3,2,1
0.4785;15,19,0,8,16,17,11,14,5,13,1,6,10,4,12,18,2,3,7,9
0.4795;15,14,0,8,16,3,12,19,5,13,1,6,10,4,7,11,2,17,18,9
0.4805;1,14,15,8,16,3,12,19,0,13,5,6,10,4,2,11,17,7,18,9
0.4815;1,2,15,8,16,3,17,19,12,13,5,6,4,10,14,11,9,7,18,0
0.4825;3,2,15,12,16,0,17,19,8,13,4,6,5,10,14,11,9,7,1,18
0.4835;3,2,15,12,16,0,1,19,8,17,4,18,5,11,14,10,7,9,13,6
0.4845;3,2,15,12,16,1,0,19,8,6,4,18,11,5,7,10,9,14,13,17
0.4855;0,2,15,14,8,1,3,19,16,6,4,18,11,7,5,13,9,12,10,17
0.4865;0,1,15,14,8,2,3,19,9,6,4,18,11,7,16,10,5,12,17,13
0.4875;0,1,15,14,8,18,10,19,5,7,4,2,11,6,16,3,9,17,12,13
0.4885;0,1,15,19,8,18,10,14,11,7,4,13,3,6,9,5,16,17,12,2
0.4895;15,1,0,19,8,18,17,14,11,7,4,13,3,2,16,5,9,12,10,6
0.4905;15,1,0,19,2,4,17,13,11,7,18,14,3,8,16,5,9,6,12,10
0.4915;15,1,0,19,2,4,17,13,11,6,18,9,7,8,16,5,12,14,3,10
0.4925;15,1,2,19,0,4,17,13,11,6,18,9,14,12,3,16,8,7,5,10
0.4935;15,1,2,19,0,4,17,13,11,6,18,8,3,9,10,16,12,14,5,7
0.4945;15,13,2,19,0,4,17,18,11,6,1,3,8,9,12,16,14,10,5,7
0.4955;15,9,2,19,0,18,7,1,11,6,4,3,8,13,12,16,5,10,14,17
0.4965;15,9,16,11,0,18,7,1,19,6,3,14,8,13,12,2,5,10,17,4
0.4975;15,9,8,11,0,18,7,1,19,14,10,12,17,13,6,2,5,3,16,4
0.4985;15,9,8,11,7,18,0,1,19,14,12,10,17,2,5,16,6,3,13,4
0.4995;15,17,8,11,7,18,0,13,19,14,12,16,9,2,5,10,3,6,4,1
0.5005;15,19,8,11,7,12,4,13,17,14,18,16,9,5,2,10,3,6,1,0
0.5015;12,13,8,11,7,15,4,19,17,14,18,3,9,5,2,0,16,1,6,10
0.5025;12,13,8,11,7,15,4,19,17,2,5,3,9,18,14,10,0,1,16,6
0.5035;6,13,8,11,7,15,4,19,17,2,5,3,18,9,0,10,14,16,12,1
0.5045;6,13,8,11,7,15,4,19,17,2,5,10,18,16,0,3,9,1,14,12
0.5055;5,13,8,11,7,15,4,1,17,12,6,10,18,16,3,0,9,14,19,2
0.5065;5,18,8,11,7,15,0,1,13,12,2,10,17,16,3,4,9,14,6,19
0.5075;11,18,8,5,16,15,0,1,7,19,2,10,17,13,3,12,9,14,6,4
0.5085;11,18,8,5,16,12,0,13,7,19,17,15,2,1,3,10,9,4,6,14
0.5095;11,18,2,8,16,4,0,13,7,17,19,15,5,1,3,10,12,9,6,14
0.5105;11,12,2,7,16,4,0,6,8,17,19,15,3,1,5,10,14,9,13,18
0.5115;11,12,2,4,16,7,0,15,8,17,19,5,3,1,6,10,14,13,18,9
0.5125;1,13,6,4,16,7,0,15,8,11,19,5,17,3,2,10,14,12,18,9
0.5135;1,13,6,9,16,7,0,15,8,2,19,14,17,3,10,11,5,4,18,12
0.5145;1,13,6,9,16,19,0,15,8,2,7,14,12,11,3,5,10,4,18,17
0.5155;1,13,6,9,16,2,0,15,8,4,18,14,12,5,3,11,10,19,17,7
0.5165;1,13,6,9,0,16,2,15,8,3,18,14,7,10,4,11,5,19,17,12
0.5175;1,18,6,9,0,16,2,15,8,10,19,17,7,3,11,4,5,13,14,12
0.5185;1,18,6,9,0,16,2,11,19,10,14,17,7,3,15,5,8,13,4,12
0.5195;1,18,6,5,0,16,2,11,19,3,14,9,10,12,15,17,8,13,4,7
0.5205;1,7,6,5,0,16,2,15,18,3,4,9,10,12,13,17,8,11,14,19
0.5215;1,7,6,5,0,16,2,15,18,3,4,9,8,11,12,13,14,17,10,19
0.5225;1,7,6,5,0,18,2,15,16,11,4,10,8,19,12,13,14,3,9,17
0.5235;1,7,19,5,0,18,10,17,12,11,4,2,8,13,16,6,14,3,9,15
0.5245;1,7,19,5,3,18,8,17,12,11,9,6,10,13,16,2,14,0,15,4
0.5255;6,11,19,5,3,18,8,17,12,2,9,16,10,13,1,7,14,0,4,15
0.5265;9,11,12,5,3,18,8,17,19,2,6,15,10,13,1,7,14,16,0,4
0.5275;9,11,0,5,12,14,8,17,19,2,6,15,10,13,1,16,18,4,3,7
0.5285;9,11,0,3,12,14,8,17,19,18,6,16,10,13,5,15,4,2,1,7
0.5295;9,11,0,3,12,19,8,18,4,17,6,16,10,13,7,15,14,2,5,1
0.5305;9,11,0,3,12,6,2,18,19,17,5,16,10,1,7,15,14,8,4,13
0.5315;9,11,18,1,12,6,2,7,13,17,5,16,4,3,0,15,14,8,10,19
0.5325;9,0,18,1,12,6,2,7,8,3,5,13,4,17,11,15,16,14,10,19
0.5335;9,0,18,1,12,10,2,7,8,3,5,4,13,17,11,14,6,16,15,19
0.5345;9,0,18,17,12,3,2,19,6,10,5,4,13,1,11,14,8,7,15,16
0.5355;4,0,13,17,12,2,3,19,6,10,5,9,18,1,16,14,8,7,11,15
0.5365;4,18,13,16,6,1,3,19,12,10,11,9,0,2,17,14,8,7,5,15
0.5375;4,18,13,16,0,1,3,19,12,10,11,9,17,15,6,14,8,2,7,5
0.5385;4,2,19,16,0,1,13,3,12,10,5,9,17,14,6,15,8,18,7,11
0.5395;4,6,19,16,17,1,13,3,2,10,5,9,8,14,12,15,0,18,11,7
0.5405;4,10,19,16,17,1,7,3,2,14,5,9,8,6,18,15,11,12,0,13
0.5415;4,3,19,16,17,8,7,10,13,14,5,11,1,15,18,6,9,12,0,2
0.5425;4,3,10,16,17,8,2,1,13,14,5,11,19,15,18,7,9,12,6,0
0.5435;4,3,10,16,17,8,2,5,13,14,18,11,6,9,1,7,15,19,12,0
0.5445;4,18,0,16,14,8,2,9,13,17,3,11,6,5,1,7,10,19,12,15
0.5455;15,18,2,16,6,8,0,9,13,1,3,11,10,5,17,7,14,19,12,4
0.5465;0,18,4,16,6,8,15,9,13,12,3,11,2,5,17,7,10,19,1,14
0.5475;13,18,4,3,6,8,15,9,0,10,16,11,2,7,17,5,19,12,1,14
0.5485;13,18,4,3,6,10,15,9,8,7,14,11,2,0,17,5,19,16,1,12
0.5495;18,11,4,3,6,10,5,9,8,13,14,7,2,0,12,15,19,16,1,17
0.5504;10,11,4,3,6,18,7,9,1,13,14,5,2,16,12,15,19,8,0,17
0.5514;10,14,0,3,6,11,9,7,1,13,18,5,2,16,12,15,19,8,17,4
0.5524;16,7,6,3,0,11,9,14,1,13,18,5,2,10,12,15,4,8,19,17
0.5534;16,11,6,4,0,7,9,18,1,13,14,2,5,10,12,15,3,8,17,19
0.5544;6,11,16,4,0,7,9,18,17,13,14,2,1,10,19,15,3,8,12,5
0.5554;6,11,16,14,0,7,18,9,17,4,13,2,1,8,12,15,3,10,19,5
0.5564;6,11,16,14,0,7,19,9,17,12,13,2,1,8,4,18,3,15,5,10
0.5574;6,16,11,14,0,13,19,17,9,12,7,2,1,8,4,15,3,10,5,18
0.5584;6,16,11,14,0,10,19,17,4,12,7,3,1,8,13,15,2,9,18,5
0.5594;17,13,11,14,5,10,19,6,16,12,2,3,1,8,4,15,7,9,18,0
0.5604;17,13,12,14,7,10,19,6,15,11,2,3,1,8,5,16,4,9,0,18
0.5614;17,13,12,14,7,2,19,6,15,11,10,3,8,18,5,16,0,9,1,4
0.5624;17,13,12,14,3,15,19,6,2,11,10,1,8,18,5,16,0,7,4,9
0.5634;19,9,12,14,3,15,17,6,2,11,10,8,1,18,0,16,13,7,4,5
0.5644;19,9,12,7,3,0,17,6,2,14,1,8,10,18,15,16,11,13,4,5
0.5654;16,9,14,7,3,0,17,2,6,12,1,8,10,18,5,19,15,13,4,11
0.5664;19,9,14,8,3,0,17,2,1,5,6,7,10,18,12,13,15,16,4,11
0.5674;8,9,14,3,19,11,17,2,13,18,6,7,10,5,12,1,15,16,4,0
0.5684;18,9,14,3,19,11,0,2,15,8,6,17,10,5,12,1,13,16,7,4
0.5694;18,9,14,8,19,11,7,2,15,3,6,4,10,0,12,1,13,16,17,5
0.5704;14,9,11,8,19,18,4,6,15,3,2,7,16,0,12,1,13,10,17,5
0.5714;4,16,11,8,19,18,14,12,15,3,2,7,9,0,6,13,1,10,5,17
0.5724;4,6,18,8,19,2,14,12,15,5,11,7,9,0,16,13,1,10,17,3
0.5734;2,6,18,8,19,4,14,12,15,10,11,7,1,5,16,13,9,0,3,17
0.5744;2,4,18,8,19,6,14,12,15,13,11,7,1,5,16,0,17,10,9,3
0.5754;2,4,1,8,19,14,6,12,15,13,11,7,18,0,9,5,10,17,16,3
0.5764;2,3,1,8,19,14,6,12,15,13,11,18,7,0,9,17,10,4,5,16
0.5774;2,0,1,8,19,14,6,12,7,13,11,18,15,17,9,5,10,3,4,16
0.5784;2,0,1,8,19,17,6,12,7,13,11,18,16,14,10,4,5,3,9,15
0.5794;2,0,15,8,19,17,6,12,7,4,11,18,10,13,16,14,5,3,1,9
0.5804;15,0,2,8,13,17,6,12,7,4,18,1,10,19,16,14,5,9,11,3
0.5814;15,0,2,8,13,1,17,9,7,4,10,6,18,19,16,14,12,5,11,3
0.5824;15,0,2,8,13,1,19,9,4,7,6,17,12,10,16,14,18,5,11,3
0.5834;15,5,2,8,13,1,19,9,11,17,18,7,10,12,16,14,6,0,4,3
0.5844;15,5,12,8,13,1,9,19,11,10,18,7,17,2,14,0,6,16,4,3
0.5854;15,5,1,2,13,12,9,7,11,10,18,19,17,8,14,4,6,3,0,16
0.5864;17,5,1,2,13,12,8,7,11,16,18,19,15,4,10,9,6,3,0,14
0.5874;17,5,1,15,13,12,14,7,11,16,6,4,2,19,10,18,9,3,0,8
0.5884;8,5,1,19,13,12,14,16,11,7,6,10,2,15,4,18,17,3,0,9
0.5894;8,19,1,5,13,6,14,16,18,7,4,12,2,15,10,11,17,3,0,9
0.5904;8,6,1,5,13,19,2,16,18,7,3,12,14,15,11,10,9,4,0,17
0.5914;18,6,8,5,13,19,2,16,1,9,4,12,14,15,11,10,7,3,17,0
0.5924;18,9,8,2,13,15,17,16,1,6,4,12,14,19,11,10,5,3,7,0
0.5934;18,9,8,2,13,4,10,16,14,6,15,12,1,3,11,0,5,19,7,17
0.5944;18,12,8,2,13,4,10,16,14,6,3,9,1,15,17,0,5,11,19,7
0.5954;4,2,12,8,13,18,0,16,14,6,3,9,1,15,7,10,5,11,19,17
0.5964;4,15,12,8,1,18,0,16,17,6,3,9,14,2,7,10,5,11,13,19
0.5974;4,15,12,8,1,2,3,16,17,6,0,19,14,18,7,10,11,5,9,13
0.5984;17,13,9,8,1,2,3,16,0,6,4,19,14,18,7,12,11,5,10,15
0.5994;1,13,9,8,17,2,19,16,0,6,4,3,10,12,5,18,11,7,14,15
0.6004;10,4,9,8,17,2,19,16,0,12,13,3,1,6,5,18,14,7,15,11
0.6014;10,4,0,8,17,14,19,16,9,13,12,3,1,6,5,18,15,2,7,11
0.6024;6,4,0,8,17,14,19,16,9,3,13,12,1,2,15,18,5,10,7,11
0.6034;9,4,14,8,17,0,19,16,6,3,13,12,15,1,2,18,7,10,5,11
0.6044;9,4,14,8,17,0,19,12,6,3,13,15,16,1,10,18,2,7,11,5
0.6054;13,4,0,8,17,14,19,12,6,3,9,15,7,1,10,18,2,5,16,11
0.6064;13,4,0,1,12,10,19,17,6,3,9,15,14,8,7,18,2,16,5,11
0.6074;13,4,0,1,12,10,19,17,8,9,18,15,16,7,6,3,2,14,5,11
0.6084;13,4,0,5,12,10,19,17,11,15,1,9,16,7,8,3,2,14,18,6
0.6094;13,0,4,5,12,10,19,17,11,6,1,14,16,7,2,3,18,9,8,15
0.6104;13,11,4,17,12,0,19,5,10,14,1,6,16,7,2,3,18,9,15,8
0.6114;18,1,4,17,12,0,19,5,10,14,15,6,16,8,2,3,13,11,9,7
0.6124;18,1,4,0,12,17,19,5,10,13,15,6,16,11,2,3,7,8,14,9
0.6134;18,1,4,0,12,17,19,15,10,13,5,16,6,11,2,3,8,9,7,14
0.6144;18,1,4,0,12,17,5,15,10,13,19,16,7,11,2,3,14,8,9,6
0.6154;18,4,1,0,12,17,11,15,10,13,19,16,7,5,8,14,6,2,9,3
0.6164;18,4,1,0,12,17,11,15,10,13,6,7,14,5,8,16,19,9,3,2
0.6174;18,4,1,0,16,17,12,15,10,11,6,7,14,5,13,8,19,9,2,3
0.6184;19,7,1,3,16,17,12,15,10,11,6,4,13,5,14,0,18,9,2,8
0.6194;18,19,1,3,16,8,12,15,10,11,6,4,13,14,5,17,7,9,2,0
0.6204;18,5,1,3,16,8,12,15,4,13,6,10,17,14,19,11,7,9,0,2
0.6214;0,5,1,3,16,8,12,11,6,13,4,15,17,14,9,10,7,19,18,2
0.6224;0,5,1,3,16,7,12,11,17,13,4,15,6,8,9,2,10,19,18,14
0.6234;0,5,1,3,14,7,12,11,8,13,19,18,6,17,9,2,16,4,15,10
0.6244;0,17,1,3,14,7,11,12,2,13,15,18,6,4,9,8,16,5,19,10
0.6254;0,17,1,3,10,7,13,16,2,11,19,18,6,4,9,8,12,14,15,5
0.6264;0,19,1,9,10,7,6,18,2,11,17,16,13,4,3,8,12,14,5,15
0.6274;0,19,1,10,9,7,16,18,11,2,5,12,13,4,3,8,6,14,17,15
0.6284;0,19,1,10,7,9,4,18,14,16,5,12,13,2,3,8,6,17,11,15
0.6294;2,19,11,10,7,9,4,18,14,16,5,1,13,0,17,8,6,3,15,12
0.6304;2,19,11,10,7,9,15,18,14,1,5,16,6,0,13,8,17,3,12,4
0.6314;2,19,12,10,7,9,15,18,14,1,5,16,4,17,6,8,0,3,13,11
0.6324;2,19,12,9,7,10,15,18,14,1,5,0,3,16,6,8,17,11,13,4
0.6334;8,19,16,9,7,10,15,18,14,0,5,1,3,12,6,11,17,2,4,13
0.6344;10,19,16,9,7,11,8,18,14,0,5,1,3,12,4,15,17,6,2,13
0.6354;10,19,16,9,7,5,8,14,18,0,11,1,12,3,2,15,13,6,4,17
0.6364;10,19,16,9,7,5,8,14,18,0,11,3,12,6,1,15,13,4,17,2
0.6374;2,14,16,9,7,5,8,19,18,0,11,3,10,15,1,6,4,13,17,12
0.6384;2,18,16,9,7,5,8,19,14,17,11,3,0,13,12,6,4,15,10,1
0.6394;2,12,8,9,7,13,16,19,14,17,11,0,3,5,4,6,18,15,10,1
0.6404;2,12,13,9,7,8,16,10,6,17,11,0,3,5,1,4,18,15,19,14
0.6414;2,9,14,12,7,8,15,10,6,18,16,0,3,5,1,4,17,11,19,13
0.6424;19,9,14,12,7,8,15,10,16,18,6,2,3,5,1,4,11,13,0,17
0.6434;12,9,14,19,7,8,15,10,16,18,6,2,13,5,17,3,0,4,11,1
0.6444;12,9,14,4,6,8,15,10,7,18,16,5,13,2,17,3,0,1,11,19
0.6454;3,9,14,0,6,8,15,7,12,4,16,5,13,2,17,10,18,1,11,19
0.6464;4,9,14,0,6,8,3,7,1,15,16,12,13,2,17,10,18,11,5,19
0.6474;4,9,14,7,6,8,19,0,1,5,16,12,13,11,17,10,3,2,15,18
0.6484;4,9,14,7,6,8,19,0,5,1,16,17,13,15,11,10,12,2,3,18
0.6494;4,9,14,6,7,8,19,13,12,1,16,17,0,15,10,5,11,2,3,18
0.6503;14,9,4,6,7,8,13,19,12,1,16,17,10,11,0,5,3,2,15,18
0.6513;14,9,4,5,7,8,13,10,12,1,16,19,18,11,0,6,2,3,15,17
0.6523;14,9,4,15,7,8,11,10,13,1,16,19,18,12,0,6,5,3,17,2
0.6533;14,9,8,15,7,4,13,10,11,0,16,19,18,12,5,6,2,3,17,1
0.6543;2,6,8,15,7,4,13,10,11,0,12,19,18,16,5,3,14,9,1,17
0.6553;2,17,8,15,7,9,13,12,11,0,19,10,18,3,5,16,14,4,1,6
0.6563;2,17,12,3,7,9,13,8,11,0,19,4,15,18,5,16,14,10,6,1
0.6573;2,17,16,3,15,9,13,8,10,0,19,11,14,18,5,12,7,4,6,1
0.6583;2,17,16,18,15,9,13,12,10,19,0,5,14,3,11,8,7,6,4,1
0.6593;1,17,16,18,15,9,13,12,10,0,19,5,3,8,11,6,7,14,4,2
0.6603;1,10,16,18,15,9,13,12,17,5,19,8,3,0,11,14,7,4,6,2
0.6613;1,10,16,18,15,9,13,12,17,19,6,8,14,0,11,3,2,4,7,5
0.6623;3,1,10,2,15,7,13,12,17,19,6,8,14,0,11,16,18,4,9,5
0.6633;12,1,10,2,15,7,13,18,17,3,6,0,14,8,11,16,19,9,4,5
0.6643;3,7,10,17,15,1,13,18,2,12,6,0,14,8,11,16,19,4,5,9
0.6653;3,7,10,17,1,15,13,18,2,12,6,0,14,4,16,8,9,11,5,19
0.6663;3,7,10,17,1,18,13,15,2,12,8,19,6,4,16,14,5,11,9,0
0.6673;2,7,10,17,1,13,18,15,3,12,8,11,6,4,0,14,9,19,5,16
0.6683;2,7,10,17,1,19,16,3,13,12,8,11,6,4,0,14,5,15,9,18
0.6693;2,7,10,17,1,19,16,3,18,9,12,11,6,0,4,14,8,15,5,13
0.6703;9,7,10,18,1,19,13,3,17,6,12,11,2,0,4,14,8,16,5,15
0.6713;9,7,10,2,1,19,13,3,17,5,12,16,18,0,14,4,8,11,15,6
0.6723;9,7,1,2,10,5,13,8,17,19,14,16,6,0,12,4,3,11,15,18
0.6733;9,17,1,2,10,18,6,8,11,19,14,16,13,0,12,4,3,7,5,15
0.6743;1,8,9,2,10,18,6,17,7,19,15,16,13,0,12,4,3,5,11,14
0.6753;1,7,9,5,10,18,6,17,8,19,15,14,13,0,12,3,2,4,11,16
0.6763;1,7,9,5,15,18,6,17,8,19,13,14,10,0,12,11,4,16,3,2
0.6773;1,7,4,5,15,18,6,16,8,19,0,14,10,12,13,11,3,17,9,2
0.6783;1,7,4,6,0,18,5,16,8,15,19,14,10,12,13,3,11,9,17,2
0.6793;17,7,4,6,1,18,0,16,8,3,19,11,10,12,13,15,14,9,5,2
0.6803;15,6,4,7,16,18,0,1,12,3,19,11,10,8,13,17,14,9,2,5
0.6813;19,6,16,4,7,18,0,1,12,3,15,11,10,8,13,17,2,9,5,14
0.6823;11,6,16,4,7,2,0,1,12,3,14,19,10,8,13,9,5,17,18,15
0.6833;11,6,15,4,7,2,0,1,12,3,10,14,19,8,13,9,17,5,16,18
0.6843;11,6,15,19,7,2,0,1,14,4,10,12,3,18,13,9,8,5,16,17
0.6853;11,3,10,19,7,2,0,1,6,4,15,12,13,18,5,9,8,14,16,17
0.6863;11,3,10,1,7,2,9,19,6,4,8,12,13,18,17,15,0,14,16,5
0.6873;11,15,10,18,7,2,8,19,6,4,9,12,13,1,14,16,0,17,3,5
0.6883;11,17,10,18,7,2,4,19,6,8,9,12,13,15,14,16,1,3,0,5
0.6893;11,17,10,18,7,2,16,4,9,8,6,12,13,14,15,19,1,3,5,0
0.6903;11,17,10,18,7,2,13,3,9,0,6,12,1,14,15,19,16,8,5,4
0.6913;11,17,19,18,7,2,13,1,9,0,8,15,6,14,12,10,16,3,5,4
0.6923;11,17,19,18,7,2,13,1,10,5,3,6,15,14,12,9,16,8,4,0
0.6933;4,17,19,13,7,9,18,1,10,5,3,2,15,14,6,12,16,8,11,0
0.6943;4,16,19,13,12,9,18,1,10,17,3,2,15,14,6,8,7,5,11,0
0.6953;4,16,19,11,12,9,18,1,10,17,2,0,15,7,13,8,14,5,6,3
0.6963;4,14,19,11,12,5,18,1,10,17,2,0,15,6,13,8,9,7,16,3
0.6973;4,17,0,11,12,19,18,1,14,10,2,5,15,6,13,8,3,7,16,9
0.6983;4,14,0,15,12,11,18,1,17,10,3,5,19,8,13,6,2,7,16,9
0.6993;4,12,0,15,14,11,8,7,17,10,3,5,6,18,13,19,2,1,9,16
0.7003;4,15,0,12,14,16,8,7,17,6,3,5,10,18,13,19,11,1,2,9
0.7013;4,15,0,1,14,19,6,7,17,8,3,5,12,18,9,16,11,10,2,13
0.7023;4,15,0,1,14,3,6,5,11,8,7,19,12,18,2,16,17,10,9,13
0.7033;4,19,0,1,14,3,6,15,11,8,7,5,12,18,2,9,16,13,17,10
0.7043;4,19,5,1,8,3,6,15,10,14,7,0,12,13,2,9,16,18,11,17
0.7053;4,19,5,1,8,3,13,15,10,17,7,16,12,6,2,9,14,11,18,0
0.7063;4,19,5,3,8,1,13,15,10,11,0,16,17,6,2,18,14,12,9,7
0.7073;4,18,5,3,8,15,13,1,10,11,0,6,9,16,12,19,14,2,17,7
0.7083;4,18,5,16,8,15,13,14,10,11,0,6,9,17,7,3,1,2,19,12
0.7093;4,18,5,16,6,15,13,14,11,10,0,8,7,17,9,19,1,3,2,12
0.7103;4,3,5,16,6,15,12,14,9,10,0,19,7,17,1,8,11,18,2,13
0.7113;5,3,4,16,6,15,12,14,9,10,11,19,7,18,2,8,1,17,0,13
0.7123;10,1,4,16,6,15,19,14,9,12,11,5,7,18,2,0,3,17,8,13
0.7133;10,9,5,16,6,15,19,14,13,12,17,4,7,18,2,0,8,11,3,1
0.7143;10,9,5,16,6,1,19,15,13,12,17,18,7,3,8,0,2,11,4,14
0.7153;1,9,5,16,6,10,19,4,13,12,17,18,7,3,8,0,11,14,2,15
0.7163;1,19,16,5,15,9,10,4,13,12,17,18,7,3,8,2,11,14,0,6
0.7173;1,19,16,5,15,18,6,4,10,12,17,9,7,11,8,2,0,14,3,13
0.7183;1,19,16,2,15,12,6,4,13,18,7,9,17,11,8,5,0,14,10,3
0.7193;1,19,16,2,10,0,6,4,13,18,7,17,9,11,8,5,14,12,3,15
0.7203;1,19,18,2,10,6,0,4,13,16,7,12,5,11,8,9,14,15,3,17
0.7213;1,19,18,2,14,6,5,4,13,17,0,12,10,11,8,9,7,15,3,16
0.7223;1,2,18,19,5,12,14,4,13,17,0,6,11,10,8,9,3,15,7,16
0.7233;1,2,18,19,7,0,12,4,11,17,14,6,13,10,8,9,5,15,3,16
0.7243;15,0,18,19,7,2,12,4,11,17,14,1,16,10,8,9,13,6,3,5
0.7253;15,0,19,18,12,2,5,3,11,17,14,1,16,9,8,10,13,6,4,7
0.7263;7,10,19,18,12,2,5,3,11,17,14,13,16,9,8,0,4,1,6,15
0.7273;5,9,19,11,12,2,0,3,15,17,14,13,16,10,8,7,4,1,6,18
0.7283;5,9,19,11,12,1,0,3,15,17,8,13,6,10,2,7,4,14,18,16
0.7293;5,9,1,12,15,19,0,2,11,17,8,13,6,10,3,7,4,16,18,14
0.7303;5,9,1,2,15,14,0,12,11,17,8,13,6,10,3,19,7,4,18,16
0.7313;2,9,1,5,15,14,0,12,11,8,18,13,7,10,3,19,6,4,16,17
0.7323;2,18,1,5,15,14,0,12,19,8,9,13,7,10,3,6,11,16,17,4
0.7333;2,18,1,5,12,16,0,3,19,8,9,14,7,10,15,4,11,13,17,6
0.7343;2,19,1,5,12,16,0,3,13,8,9,14,17,10,6,4,11,18,15,7
0.7353;2,19,1,5,16,0,12,3,13,8,14,7,17,10,6,4,11,18,9,15
0.7363;2,19,1,12,9,0,18,3,13,8,16,10,17,7,6,4,11,5,14,15
0.7373;2,19,1,12,9,7,13,3,14,8,6,10,17,0,16,4,11,5,15,18
0.7383;2,19,11,12,9,7,13,3,6,8,18,10,17,0,14,5,1,4,15,16
0.7393;11,19,2,12,9,7,13,3,6,8,4,10,0,17,14,5,1,16,18,15
0.7403;15,19,7,12,3,2,13,9,6,8,4,11,0,17,14,5,10,16,18,1
0.7413;15,18,7,12,3,2,13,4,0,8,9,11,6,16,10,5,14,17,19,1
0.7423;15,19,7,12,3,2,4,13,0,8,9,1,10,16,6,5,14,17,11,18
0.7433;15,2,7,12,3,19,4,13,0,17,1,9,10,18,6,5,14,8,16,11
0.7443;15,2,16,11,3,12,10,13,0,4,1,9,17,18,6,5,14,8,7,19
0.7453;15,2,16,11,3,4,10,13,0,12,19,9,6,18,17,5,14,7,1,8
0.7463;15,11,16,2,3,4,10,8,1,12,19,9,14,18,17,5,7,6,0,13
0.7473;6,11,14,2,3,4,10,8,1,12,19,9,18,7,17,5,16,15,13,0
0.7483;6,11,14,2,5,4,10,8,1,7,19,9,3,12,13,18,16,15,0,17
0.7493;3,11,14,2,5,6,10,8,1,16,15,9,4,19,13,18,7,12,0,17
0.7502;11,3,14,2,5,6,10,15,1,16,8,7,0,19,13,18,9,12,17,4
0.7512;11,10,14,2,1,6,3,15,5,16,8,7,19,0,17,18,9,13,12,4
0.7522;11,6,7,8,1,10,3,12,5,16,17,14,19,0,2,18,9,13,15,4
0.7532;11,6,0,12,1,10,3,8,5,16,2,14,15,7,17,18,4,13,19,9
0.7542;11,5,7,12,1,10,3,8,0,16,2,14,15,9,17,18,4,13,6,19
0.7552;11,9,7,12,1,10,3,14,0,16,19,8,15,5,17,18,4,2,13,6
0.7562;11,5,18,12,1,10,3,14,0,17,19,8,15,13,16,7,4,9,2,6
0.7572;11,5,6,12,9,1,3,19,0,17,14,8,15,16,13,7,4,10,2,18
0.7582;11,15,6,12,14,1,3,19,0,2,5,8,9,10,13,7,4,16,17,18
0.7592;11,15,6,12,14,8,5,19,0,2,3,17,7,10,13,4,9,16,1,18
0.7602;11,15,6,3,14,8,2,19,0,17,12,5,4,10,13,7,9,16,18,1
0.7612;0,15,6,3,13,8,2,12,11,17,19,9,4,10,14,7,5,1,18,16
0.7622;0,15,6,2,13,8,3,12,11,16,19,9,4,10,14,1,17,5,18,7
0.7632;0,16,6,2,13,8,3,12,11,15,4,9,19,7,1,18,17,5,14,10
0.7642;0,5,12,2,13,8,11,6,3,15,9,4,19,17,1,18,7,16,14,10
0.7652;0,5,6,2,13,8,11,12,3,7,9,4,19,17,15,18,1,10,16,14
0.7662;0,5,16,2,13,4,11,12,3,7,9,8,14,17,15,18,19,10,1,6
0.7672;0,5,9,2,4,13,11,12,3,10,16,15,14,17,18,8,19,7,1,6
0.7682;0,5,15,2,4,13,11,12,3,10,16,9,14,19,7,1,17,18,6,8
0.7692;0,5,7,11,1,13,2,6,8,10,16,9,14,19,15,4,17,18,12,3
0.7702;0,5,19,6,1,13,2,11,8,10,16,9,14,18,15,4,3,7,17,12
0.7712;0,5,19,6,1,13,2,11,8,4,16,9,17,18,3,15,7,10,14,12
0.7722;14,13,19,6,1,0,2,11,16,12,8,9,17,18,3,15,7,10,5,4
0.7732;9,3,19,5,1,0,2,11,16,12,7,14,17,10,13,15,8,18,6,4
0.7742;10,3,19,5,1,0,2,11,16,12,6,14,9,17,13,18,8,15,4,7
0.7752;10,3,19,14,0,1,8,11,7,12,6,5,9,17,13,18,2,15,16,4
0.7762;10,9,19,17,7,1,8,11,16,12,6,5,3,14,13,18,4,15,0,2
0.7772;10,9,19,17,6,7,4,11,16,12,1,5,2,18,13,14,8,15,0,3
0.7782;17,9,12,10,6,7,4,19,8,11,1,14,2,18,13,5,16,15,0,3
0.7792;17,9,12,10,19,7,4,5,8,13,1,16,2,18,11,6,14,15,3,0
0.7802;17,16,12,10,19,0,4,5,11,13,1,9,7,18,8,6,14,15,2,3
0.7812;17,16,2,10,0,19,9,5,11,7,1,3,13,18,8,6,14,15,12,4
0.7822;17,12,9,10,0,5,2,19,11,7,1,3,13,18,15,4,14,8,16,6
0.7832;13,12,9,18,0,11,2,19,5,7,1,3,17,8,10,4,14,15,16,6
0.7842;13,3,9,18,0,12,2,5,19,7,1,11,15,8,10,4,14,6,16,17
0.7852;13,19,9,18,0,12,3,7,2,5,1,6,15,8,16,4,14,11,10,17
0.7862;13,19,9,18,0,12,3,2,14,5,11,6,15,8,10,4,17,1,16,7
0.7872;17,19,9,18,0,12,11,1,14,5,3,6,4,13,10,15,8,2,16,7
0.7882;12,19,9,18,0,17,10,15,14,8,3,6,4,11,13,1,5,2,16,7
0.7892;19,1,9,16,0,10,17,11,14,8,3,6,4,15,13,12,5,2,18,7
0.7902;19,1,15,16,0,10,14,11,17,8,13,6,4,9,3,12,18,2,7,5
0.7912;19,1,15,16,0,17,14,11,10,8,13,4,6,9,12,7,5,2,3,18
0.7922;19,1,15,16,0,17,5,6,10,18,13,4,11,9,12,3,7,2,14,8
0.7932;19,1,15,16,0,2,3,6,10,17,13,4,11,7,12,5,14,18,9,8
0.7942;19,1,15,16,2,0,3,6,10,9,13,4,11,8,18,5,14,7,17,12
0.7952;17,1,15,16,11,0,3,6,19,9,13,7,2,8,18,5,14,4,12,10
0.7962;8,1,15,16,0,11,3,6,19,9,7,13,14,17,18,5,2,12,4,10
0.7972;8,1,15,2,0,7,3,6,19,9,11,13,14,12,4,5,18,17,16,10
0.7982;8,1,15,2,12,7,3,6,4,9,19,13,18,0,11,5,17,14,16,10
0.7992;0,6,15,14,12,7,19,1,4,9,3,13,18,8,11,5,17,16,2,10
0.8002;0,10,15,14,19,7,12,1,4,11,3,13,17,9,8,5,18,16,2,6
0.8012;0,10,15,14,19,7,16,1,2,11,3,13,17,9,4,5,18,8,6,12
0.8022;0,10,15,14,19,7,16,1,2,11,3,4,5,8,17,13,12,9,6,18
0.8032;0,19,15,14,10,7,16,1,2,18,3,4,5,8,9,13,11,6,17,12
0.8042;0,19,15,11,13,7,16,1,4,18,3,2,5,8,9,10,14,12,6,17
0.8052;0,19,15,13,11,7,16,1,4,6,3,5,2,8,9,10,14,17,12,18
0.8062;7,19,15,13,11,0,16,1,4,5,3,6,10,8,18,2,14,9,12,17
0.8072;7,19,11,13,0,1,16,15,4,5,3,17,10,8,6,2,14,9,12,18
0.8082;7,19,11,13,0,3,16,15,4,5,1,17,6,12,10,2,9,8,14,18
0.8092;7,9,18,13,0,3,16,15,4,14,17,1,6,19,10,2,12,8,5,11
0.8102;7,3,18,13,0,9,16,15,4,14,17,1,8,19,10,12,2,5,11,6
0.8112;7,3,18,13,0,9,16,11,4,19,17,1,8,14,6,5,12,2,15,10
0.8122;14,3,18,13,11,9,16,0,4,17,19,1,8,7,5,6,12,2,10,15
0.8132;14,3,18,13,11,9,16,5,7,19,0,1,8,4,17,6,12,10,2,15
0.8142;17,3,18,13,11,9,16,5,7,19,0,2,12,14,4,8,6,10,1,15
0.8152;17,3,1,13,7,9,16,5,11,10,0,2,19,14,4,8,12,6,18,15
0.8162;16,3,18,13,10,9,17,2,11,7,0,5,19,14,15,8,12,6,1,4
0.8172;16,3,18,13,4,9,17,2,11,10,0,6,5,1,15,8,12,19,14,7
0.8182;16,3,18,13,17,9,4,2,11,10,12,6,5,0,19,8,14,15,1,7
0.8192;11,3,18,13,17,9,4,10,1,2,12,6,16,19,0,8,14,15,5,7
0.8202;11,3,18,16,14,9,4,10,1,0,15,6,13,19,2,8,17,12,7,5
0.8212;11,3,18,16,14,9,0,10,1,8,15,19,17,6,4,2,13,12,7,5
0.8222;8,3,7,16,0,9,14,10,1,11,15,19,17,6,4,2,13,5,12,18
0.8232;17,3,7,16,0,9,14,10,1,15,6,19,8,11,4,2,5,12,13,18
0.8242;12,3,7,16,0,9,18,10,1,15,6,19,4,11,14,17,5,2,13,8
0.8252;12,3,7,2,0,4,8,10,1,15,6,19,18,17,14,11,5,16,13,9
0.8262;12,3,7,2,0,4,8,19,14,18,6,10,15,17,1,11,16,13,5,9
0.8272;12,3,10,2,0,4,11,19,14,8,6,7,15,17,18,1,16,13,9,5
0.8282;12,3,2,11,0,4,10,7,14,8,6,15,19,17,16,1,18,13,9,5
0.8292;12,7,2,11,0,4,10,3,14,1,15,6,19,17,16,13,18,9,8,5
0.8302;7,12,2,11,5,4,10,15,14,1,3,6,19,17,16,18,0,9,8,13
0.8312;7,12,2,16,17,4,10,15,14,1,3,18,19,11,5,6,8,9,0,13
0.8322;7,12,17,16,11,13,10,15,14,1,3,18,19,2,8,6,5,9,4,0
0.8332;7,12,17,14,8,13,10,15,16,1,3,18,19,2,0,6,4,9,11,5
0.8342;7,12,17,0,8,13,10,15,16,9,19,18,3,2,5,4,6,1,11,14
0.8352;7,12,17,16,14,19,10,15,0,9,13,18,3,2,5,8,6,11,1,4
0.8362;7,4,17,16,14,19,10,1,0,9,13,18,2,8,5,11,6,3,15,12
0.8372;7,4,2,10,14,18,16,9,0,8,13,19,17,1,5,11,6,3,15,12
0.8382;7,4,2,10,14,6,16,9,0,3,13,1,17,19,11,5,18,8,12,15
0.8392;7,4,16,10,9,6,5,14,0,3,13,1,18,12,11,2,17,8,19,15
0.8402;7,4,16,6,9,0,18,2,10,3,13,1,5,12,11,14,15,8,19,17
0.8412;7,4,16,6,9,3,18,2,10,0,11,1,17,12,13,14,19,8,5,15
0.8422;11,10,16,6,9,3,15,2,4,12,1,7,17,0,13,14,19,8,5,18
0.8432;11,10,16,6,9,7,4,2,15,12,1,3,18,0,13,8,5,14,19,17
0.8442;11,10,14,6,9,7,4,8,15,12,3,16,18,13,0,2,5,1,19,17
0.8452;11,0,5,6,9,7,4,8,15,12,3,10,18,13,16,2,1,19,14,17
0.8462;14,0,5,10,9,7,4,8,12,15,3,19,18,6,16,2,1,13,11,17
0.8472;14,0,5,10,9,7,4,8,12,15,3,18,13,1,11,2,6,19,17,16
0.8482;5,0,2,10,9,7,6,8,12,15,3,18,13,17,11,14,1,19,4,16
0.8492;5,6,2,10,9,7,0,8,12,15,3,18,19,11,13,14,1,4,17,16
0.8501;5,6,2,10,9,16,0,8,12,15,3,18,17,11,19,14,4,13,1,7
0.8511;10,6,2,13,9,1,0,8,12,15,4,18,7,11,19,14,3,5,16,17
0.8521;16,6,15,13,9,1,0,8,12,2,4,17,7,10,19,14,3,11,5,18
0.8531;16,6,15,13,9,1,0,17,12,18,10,14,7,4,19,2,3,11,5,8
0.8541;16,6,15,13,19,1,0,17,12,18,8,2,7,5,9,14,3,4,11,10
0.8551;16,6,8,17,19,1,0,3,12,18,15,4,7,13,9,14,5,2,11,10
0.8561;16,12,8,17,19,1,0,3,13,18,7,4,11,6,9,14,5,15,2,10
0.8571;1,14,8,17,19,16,0,3,7,18,13,4,11,6,9,2,5,15,10,12
0.8581;8,14,2,17,19,16,0,3,18,7,13,4,11,5,9,1,6,15,12,10
0.8591;8,14,2,15,19,16,0,3,18,12,13,4,11,6,9,17,5,7,1,10
0.8601;8,14,2,15,6,16,0,13,7,3,12,4,11,1,9,17,5,18,19,10
0.8611;8,14,2,15,6,16,0,13,7,12,5,17,4,1,9,19,3,18,11,10
0.8621;17,0,2,15,6,16,11,13,7,12,5,8,4,1,10,18,3,19,14,9
0.8631;17,0,2,15,6,3,13,11,7,18,5,8,4,1,10,14,16,19,9,12
0.8641;17,13,2,15,6,3,0,19,14,18,5,8,4,1,10,7,12,11,16,9
0.8651;17,13,2,11,6,3,5,19,14,10,0,8,4,15,18,7,12,1,9,16
0.8661;19,13,1,11,6,3,5,17,14,12,0,8,4,15,18,2,10,7,16,9
0.8671;19,13,7,18,6,3,16,17,14,11,0,8,4,15,12,5,10,1,2,9
0.8681;19,7,18,13,6,3,16,17,14,5,0,8,1,15,12,11,10,9,2,4
0.8691;6,7,18,13,19,3,1,17,14,5,9,8,16,15,12,2,10,0,4,11
0.8701;4,7,18,13,19,3,1,17,14,5,9,11,0,15,12,2,6,16,8,10
0.8711;8,17,18,13,19,3,5,7,14,1,9,11,0,2,12,15,16,6,4,10
0.8721;12,17,9,19,13,3,2,6,14,1,18,11,0,5,8,15,16,7,4,10
0.8731;12,17,9,19,13,4,2,1,0,6,18,11,14,5,8,16,15,7,10,3
0.8741;16,17,9,19,13,7,2,1,0,6,18,11,14,5,12,8,3,10,4,15
0.8751;19,9,17,16,13,7,2,1,0,8,11,18,14,15,12,6,3,10,4,5
0.8761;19,9,17,16,13,7,11,15,0,4,2,18,14,10,12,6,3,1,5,8
0.8771;19,9,17,16,13,2,11,15,0,3,7,18,14,10,12,1,4,8,6,5
0.8781;19,9,12,13,16,7,1,15,0,3,2,18,14,10,17,11,4,5,6,8
0.8791;19,4,12,13,17,7,1,18,0,3,2,15,14,5,16,11,9,8,6,10
0.8801;19,4,16,13,17,7,1,18,11,12,15,2,14,10,3,0,9,8,6,5
0.8811;2,4,12,17,13,7,1,18,11,14,15,19,16,10,5,0,9,8,6,3
0.8821;2,4,12,17,13,7,18,15,8,10,1,19,16,0,5,14,9,11,6,3
0.8831;4,2,12,6,13,7,18,15,8,10,1,9,16,0,11,14,19,3,17,5
0.8841;4,2,12,6,13,7,18,15,10,8,1,9,3,0,11,14,16,17,5,19
0.8851;4,2,12,16,17,7,18,15,10,8,1,9,3,0,5,14,19,6,11,13
0.8861;4,2,0,16,17,7,18,15,3,8,12,9,1,5,10,14,19,6,11,13
0.8871;4,8,0,16,17,7,18,2,3,15,12,19,1,5,10,13,14,6,11,9
0.8881;4,8,0,16,17,9,6,10,15,3,12,19,13,5,2,1,14,18,11,7
0.8891;4,14,0,16,17,15,5,10,9,1,12,19,13,6,2,3,8,11,18,7
0.8901;16,14,0,4,17,15,5,8,6,1,12,18,10,9,2,3,13,11,19,7
0.8911;16,8,0,1,17,15,5,6,14,4,12,18,3,9,7,10,13,11,19,2
0.8921;7,8,0,1,18,15,5,14,6,4,19,17,3,9,16,12,13,11,10,2
0.8931;7,8,0,1,18,15,5,14,6,4,19,17,10,9,2,13,11,16,3,12
0.8941;7,14,0,1,18,15,5,8,6,19,11,17,10,4,2,12,9,16,3,13
0.8951;7,14,0,1,9,3,6,8,5,17,11,19,10,4,12,2,18,16,15,13
0.8961;7,14,8,1,9,3,6,0,5,17,11,19,13,2,12,4,18,10,16,15
0.8971;7,14,8,1,17,3,6,0,5,19,11,9,4,2,16,10,18,13,12,15
0.8981;7,14,8,1,17,3,13,9,5,11,19,0,4,2,16,10,12,15,18,6
0.8991;15,4,9,1,17,3,13,8,5,11,19,0,14,2,16,10,12,6,7,18
0.9001;15,4,9,1,17,7,10,8,5,16,13,0,12,2,11,19,14,6,3,18
0.9011;0,10,9,1,8,7,11,17,5,16,13,15,12,2,4,18,14,6,3,19
0.9021;0,10,4,1,8,7,2,16,19,17,13,15,12,11,9,3,14,6,18,5
0.9031;0,14,4,1,8,5,2,16,19,12,6,10,17,11,9,3,15,13,18,7
0.9041;13,14,5,1,8,19,2,16,4,7,6,10,17,11,9,3,15,12,18,0
0.9051;13,4,5,1,8,19,2,18,3,7,6,10,17,11,12,14,15,9,0,16
0.9061;13,1,19,4,8,7,2,18,3,5,6,0,10,11,12,14,15,9,17,16
0.9071;13,1,19,4,8,7,15,3,18,17,6,0,14,11,12,10,2,16,5,9
0.9081;10,1,19,3,8,7,15,0,18,17,6,4,2,11,12,16,14,13,5,9
0.9091;10,0,19,3,8,5,15,1,18,17,6,7,2,11,12,9,14,4,13,16
0.9101;10,0,19,7,8,5,13,1,18,2,6,3,17,4,16,9,14,11,15,12
0.9111;16,0,14,7,8,5,9,1,18,2,6,3,17,13,10,4,19,11,12,15
0.9121;9,0,14,16,8,11,7,1,18,2,6,5,17,13,3,4,19,10,12,15
0.9131;9,0,14,17,8,11,15,1,13,2,3,5,16,18,6,4,19,7,12,10
0.9141;9,0,14,17,8,11,15,1,16,2,3,5,7,12,4,6,19,10,18,13
0.9151;9,0,14,17,15,10,16,12,8,2,3,5,7,1,4,6,11,19,18,13
0.9161;9,19,14,3,17,10,16,12,8,2,15,5,7,1,0,6,11,13,18,4
0.9171;9,19,14,8,16,15,17,12,3,2,1,5,7,10,0,6,11,13,4,18
0.9181;9,19,14,8,10,15,17,12,3,4,1,5,7,16,2,6,13,11,18,0
0.9191;9,19,14,8,5,15,17,12,7,16,1,10,3,4,13,18,2,11,6,0
0.9201;9,19,14,8,5,15,17,12,2,10,1,6,3,11,13,18,7,0,16,4
0.9211;7,13,14,12,5,15,3,8,2,10,19,6,17,11,1,18,9,0,16,4
0.9221;7,14,13,12,5,10,15,8,2,3,17,6,19,11,9,18,1,0,16,4
0.9231;7,14,0,12,5,10,16,8,2,3,18,6,19,4,9,17,1,15,13,11
0.9241;17,14,0,12,5,18,16,8,2,3,10,6,1,4,7,9,19,15,11,13
0.9251;17,14,0,12,5,18,19,8,1,9,10,6,2,7,4,3,11,15,16,13
0.9261;17,14,0,12,5,9,19,8,1,18,10,6,2,3,16,13,11,4,15,7
0.9271;17,5,0,14,12,6,19,8,1,9,4,18,2,3,16,13,11,10,15,7
0.9281;6,10,0,14,4,17,19,15,1,9,12,18,2,3,16,13,11,5,7,8
0.9291;12,4,0,14,10,17,19,15,1,9,6,11,2,18,16,13,3,5,8,7
0.9301;12,4,10,14,0,18,2,15,1,9,6,11,19,17,5,8,3,16,13,7
0.9311;12,4,10,6,0,15,2,3,1,9,14,11,19,5,17,8,18,16,7,13
0.9321;8,6,10,0,4,15,2,3,1,12,14,11,13,5,17,9,18,16,7,19
0.9331;8,6,10,0,4,15,2,9,19,12,14,5,13,11,17,7,18,16,1,3
0.9341;11,6,10,0,9,7,5,4,18,12,14,2,13,8,17,15,19,16,1,3
0.9351;11,6,10,0,17,7,5,2,1,12,14,4,8,13,18,15,19,16,9,3
0.9361;11,6,8,0,17,7,5,2,12,1,9,4,10,13,16,15,19,3,14,18
0.9371;10,6,15,0,18,7,8,2,12,1,9,4,11,13,16,5,19,14,3,17
0.9381;10,6,15,9,18,7,17,2,12,1,4,0,11,13,8,5,19,16,3,14
0.9391;10,6,15,9,18,7,5,2,12,1,4,19,11,13,16,17,8,3,0,14
0.9401;10,9,15,6,18,8,5,2,7,1,4,16,11,13,19,17,12,0,3,14
0.9411;10,9,4,6,14,8,5,2,7,1,15,16,11,13,12,17,19,18,0,3
0.9421;10,9,4,6,14,8,5,2,7,18,11,19,15,13,12,1,16,3,0,17
0.9431;11,9,4,6,14,5,8,2,15,18,10,19,17,13,12,1,16,0,3,7
0.9441;11,19,4,6,14,5,8,2,15,17,0,9,3,13,12,1,16,10,7,18
0.9451;11,19,5,6,14,4,8,16,15,17,0,10,18,13,12,1,2,7,9,3
0.9461;11,19,5,6,14,4,8,1,15,10,0,17,18,13,2,16,9,7,3,12
0.9471;11,9,5,6,14,8,4,18,17,10,0,15,1,13,16,2,19,7,3,12
0.9481;11,9,5,6,14,8,2,18,17,16,15,0,1,13,10,3,19,7,12,4
0.9491;13,9,5,4,14,8,12,0,17,16,15,18,1,11,19,3,10,7,2,6
0.95;19,9,10,4,14,8,12,11,17,16,15,7,1,0,6,3,5,18,2,13
0.951;1,9,10,16,14,8,12,11,15,4,17,7,19,3,18,0,5,6,2,13
0.952;1,9,2,4,14,8,12,11,13,16,17,7,19,10,18,0,3,6,5,15
0.953;1,9,10,4,14,8,19,11,13,16,17,7,2,12,18,5,3,6,15,0
0.954;1,2,10,4,14,12,19,11,13,16,3,7,9,8,17,5,0,6,15,18
0.955;1,2,10,4,14,19,12,15,13,16,3,7,9,8,17,5,6,11,18,0
0.956;1,2,10,4,15,18,12,14,13,17,3,7,9,19,16,11,6,5,8,0
0.957;11,2,10,14,15,18,12,4,13,17,16,8,6,19,3,1,9,5,7,0
0.958;11,12,10,14,15,3,2,4,5,17,16,18,6,19,7,1,9,13,8,0
0.959;11,12,10,14,15,19,2,4,5,17,16,13,6,3,7,1,0,8,9,18
0.96;11,12,2,14,8,19,10,4,5,17,1,13,6,3,16,0,7,15,9,18
0.961;11,12,2,6,5,19,10,4,8,0,1,13,14,7,16,17,9,15,3,18
0.962;3,12,2,15,5,19,10,4,8,0,1,13,7,14,16,17,9,11,18,6
0.963;3,12,2,15,19,5,10,7,13,0,1,8,4,14,18,16,9,11,17,6
0.964;7,12,2,15,19,8,10,3,13,18,1,5,16,14,0,4,9,11,6,17
0.965;7,12,2,15,5,4,10,0,13,18,3,19,16,14,1,8,17,11,6,9
0.966;7,14,2,1,5,18,10,0,13,4,3,19,16,17,15,8,12,11,9,6
0.967;10,14,1,2,5,18,7,9,13,8,3,19,16,17,0,4,12,11,15,6
0.968;10,14,1,2,5,13,7,3,18,8,9,12,16,17,6,4,19,11,0,15
0.969;10,19,1,2,5,13,7,3,0,8,16,17,9,12,6,4,18,11,14,15
0.97;10,19,1,5,2,13,7,6,0,8,16,15,9,12,3,17,18,14,11,4
0.971;10,19,1,5,2,13,7,6,8,0,18,15,9,12,3,11,17,14,4,16
0.972;2,19,1,4,10,13,5,6,8,0,17,15,9,3,12,11,18,14,7,16
0.973;2,12,1,16,10,13,5,6,8,0,17,15,19,3,9,11,4,14,18,7
0.974;19,12,18,16,10,13,5,8,6,15,17,0,2,3,9,11,4,1,14,7
0.975;11,10,18,16,12,13,5,15,6,14,17,0,2,3,9,19,8,1,4,7
0.976;11,10,18,16,3,14,13,15,6,5,17,0,4,12,9,19,8,1,7,2
0.977;11,10,3,14,4,16,5,15,6,13,0,17,18,12,9,19,8,1,7,2
0.978;11,10,19,14,15,16,5,17,12,13,0,4,18,6,9,3,1,8,7,2
0.979;3,10,19,14,7,16,5,17,12,13,0,4,18,6,9,11,2,15,1,8
0.98;3,15,19,14,7,18,8,17,12,13,0,4,16,6,9,2,11,5,1,10
0.981;6,15,19,14,7,12,17,8,18,13,0,4,16,3,10,2,11,1,5,9
0.982;6,15,19,10,7,12,17,2,18,13,0,4,1,3,9,8,5,16,11,14
0.983;6,7,19,10,12,15,17,2,18,3,0,5,1,9,13,8,4,16,11,14
0.984;6,7,19,10,4,15,11,2,16,3,0,5,1,8,13,9,18,12,17,14
0.985;6,8,19,10,5,15,11,2,16,1,0,4,18,7,13,12,3,9,17,14
0.986;19,8,6,15,5,10,11,2,16,1,4,0,18,7,13,17,14,9,12,3
0.987;19,6,8,15,18,10,11,2,4,1,16,0,14,7,17,13,5,9,12,3
0.988;19,1,8,15,9,2,11,10,16,6,4,0,14,7,3,13,5,18,12,17
0.989;19,3,8,15,9,2,11,10,14,6,4,0,5,7,1,16,13,18,17,12
0.99;19,3,8,15,9,2,14,10,1,6,4,0,5,11,17,12,13,18,7,16
0.991;16,3,8,15,9,2,19,10,1,6,4,0,5,7,17,12,18,13,14,11
0.992;16,5,8,18,9,2,0,10,1,6,4,19,3,7,13,14,15,17,12,11
0.993;16,5,8,18,9,4,0,10,1,6,2,19,13,7,3,14,11,15,17,12
0.994;8,5,16,18,9,14,0,10,1,6,19,2,3,7,13,4,11,15,12,17
0.995;8,17,4,18,9,5,0,10,1,6,12,2,3,7,15,16,11,13,19,14
0.996;14,17,4,18,9,5,0,10,16,6,12,2,3,19,15,1,7,13,8,11
0.997;14,17,4,1,16,5,0,10,8,6,12,18,7,19,15,2,3,13,9,11
0.998;14,17,4,1,6,5,8,10,0,13,15,18,7,11,12,2,3,16,9,19
0.999;14,17,4,12,19,0,8,10,5,11,15,18,7,13,1,16,3,2,9,6
