1000
0.001;0,1,2,3,6,5,4,7,8,9,10,11,13,12,14,17,16,15,18,19
0.002;0,1,17,5,6,3,4,7,8,9,10,11,13,18,14,2,16,15,12,19
0.003;5,1,17,0,6,3,4,7,8,9,10,11,13,18,14,2,15,12,16,19
0.004;5,1,17,3,6,0,4,7,8,9,10,11,13,18,14,2,15,19,12,16
0.005;5,1,17,10,7,0,4,6,8,9,3,11,19,18,14,2,15,13,12,16
0.006;5,1,13,10,7,0,2,6,8,9,3,11,19,18,14,4,15,17,16,12
0.007;5,18,13,6,7,0,2,10,8,9,3,11,19,1,14,12,15,17,16,4
0.008;5,18,13,6,7,0,2,10,8,9,4,15,12,1,14,19,11,17,16,3
0.009;5,18,13,6,7,0,2,10,8,19,3,15,12,1,14,9,11,4,16,17
0.01;5,18,13,12,7,0,2,10,8,1,3,4,6,19,14,9,11,15,16,17
0.011;5,18,13,12,7,0,2,10,8,1,15,4,3,19,14,6,11,9,16,17
0.012;5,18,13,12,14,7,2,10,8,1,15,4,3,19,0,9,11,6,16,17
0.013;5,18,13,12,3,7,2,10,8,1,15,4,0,19,14,9,6,11,16,17
0.014;5,18,8,12,3,7,16,10,13,11,15,4,0,19,14,9,6,1,2,17
0.015;5,18,8,12,3,7,19,14,13,11,15,4,0,16,10,9,6,2,1,17
0.016;5,18,8,12,3,7,19,11,13,14,15,4,0,1,2,9,6,10,16,17
0.017;5,18,8,12,2,9,19,10,13,14,15,4,0,1,3,7,6,11,16,17
0.018;5,18,8,9,2,14,19,10,13,12,15,4,0,1,3,7,16,11,6,17
0.019;5,18,8,3,2,14,19,10,13,12,15,6,0,1,9,7,16,11,17,4
0.02;5,9,8,3,2,14,19,10,15,12,13,6,0,16,18,7,1,11,17,4
0.021;5,9,16,3,2,14,19,10,15,12,6,13,0,8,18,7,17,11,1,4
0.022;5,9,16,3,2,8,19,10,15,12,6,13,0,7,18,11,17,14,1,4
0.023;5,9,16,18,11,8,19,10,15,12,6,13,0,7,3,1,17,14,2,4
0.024;5,9,16,18,11,8,19,2,15,12,6,4,0,7,3,1,17,10,14,13
0.025;5,9,16,18,11,8,14,2,15,12,6,4,0,7,17,1,10,3,19,13
0.026;5,10,16,18,11,8,3,2,15,12,6,4,0,7,9,1,17,14,19,13
0.027;6,10,16,5,11,8,3,2,15,12,18,14,0,7,9,1,17,4,19,13
0.028;6,10,11,5,12,8,3,2,15,16,18,0,14,7,9,1,17,4,19,13
0.029;6,10,11,5,12,8,3,2,9,0,18,16,14,15,7,1,17,4,19,13
0.03;6,10,5,11,12,16,4,2,9,0,18,8,14,15,7,1,17,3,19,13
0.031;6,10,5,11,12,16,15,13,9,0,18,8,14,4,7,1,3,17,19,2
0.032;6,10,9,11,12,8,15,13,5,0,18,16,14,4,7,1,19,17,3,2
0.033;6,10,9,1,12,8,15,14,5,0,18,16,13,4,7,11,19,2,3,17
0.034;6,10,9,1,12,8,15,14,4,0,18,16,3,2,7,11,19,5,13,17
0.035;9,10,6,1,16,8,15,14,4,0,18,12,19,2,7,11,3,5,13,17
0.036;9,10,6,1,16,8,14,15,4,0,18,5,19,2,7,11,13,12,3,17
0.037;18,10,6,1,16,8,14,15,4,0,9,5,2,13,7,11,19,12,3,17
0.038;18,5,6,1,16,8,14,15,7,0,9,10,2,13,4,11,3,12,19,17
0.039;18,5,6,1,16,12,14,15,7,8,9,10,2,13,4,0,3,11,19,17
0.04;18,5,6,1,16,12,14,15,7,8,9,4,2,3,10,0,17,11,19,13
0.041;18,5,4,6,16,12,14,15,7,8,9,1,2,3,10,0,19,11,17,13
0.042;18,5,4,6,16,7,14,15,12,17,9,1,2,3,13,0,19,11,8,10
0.043;18,5,4,6,16,15,14,7,17,12,9,1,2,3,8,0,19,11,13,10
0.044;18,5,15,6,16,4,14,7,3,12,9,1,2,17,8,13,19,11,0,10
0.045;18,5,9,6,16,4,14,7,3,12,15,1,0,17,8,13,2,11,19,10
0.046;18,11,9,6,16,4,14,15,3,12,0,1,7,17,8,13,2,5,19,10
0.047;18,10,9,6,16,4,14,2,3,12,0,1,19,17,8,13,15,5,7,11
0.048;17,9,10,6,16,13,14,2,3,12,0,1,19,18,8,4,15,5,7,11
0.049;17,9,10,6,16,13,3,2,14,12,0,1,11,18,8,4,15,7,5,19
0.05;17,9,10,6,16,13,3,2,14,12,1,0,19,18,15,4,8,7,5,11
0.0509;17,9,10,6,1,13,3,2,14,8,16,0,19,18,15,4,12,7,11,5
0.0519;17,9,10,6,1,13,3,19,14,8,16,18,2,4,15,0,12,7,11,5
0.0529;17,9,10,6,1,14,3,19,13,8,15,18,2,4,16,0,12,5,11,7
0.0539;17,3,10,6,1,14,9,19,13,8,2,18,15,4,5,0,12,16,11,7
0.0549;17,3,2,6,18,14,9,19,13,8,11,1,15,4,5,0,12,16,10,7
0.0559;17,3,2,6,11,14,9,0,19,8,18,1,15,4,5,13,12,16,10,7
0.0569;17,3,2,5,11,14,9,8,19,0,16,1,15,4,6,13,12,18,10,7
0.0579;17,3,2,5,11,14,9,8,19,0,18,1,15,4,6,16,7,13,10,12
0.0589;17,3,2,5,11,14,6,8,19,7,18,1,10,4,9,16,0,13,15,12
0.0599;12,18,14,5,11,2,6,8,19,7,3,1,10,4,9,16,0,13,15,17
0.0609;12,18,0,10,11,2,6,8,19,3,7,1,5,4,9,16,14,13,15,17
0.0619;12,18,0,10,11,2,6,8,19,3,7,1,5,14,15,9,4,13,16,17
0.0629;12,18,0,10,11,2,6,8,19,9,7,1,5,15,13,3,4,14,16,17
0.0639;12,18,0,6,11,2,10,8,19,9,7,1,5,15,13,17,4,16,14,3
0.0649;12,18,11,6,0,2,10,8,19,9,7,1,5,16,13,17,4,15,3,14
0.0659;12,18,11,6,0,2,4,3,19,9,7,1,5,16,15,17,10,13,8,14
0.0669;12,18,11,10,0,2,4,3,19,9,1,7,5,16,15,17,6,13,14,8
0.0679;12,18,11,10,0,17,4,3,19,9,5,2,1,16,15,7,6,13,14,8
0.0689;12,18,11,10,0,9,4,3,19,15,5,2,1,8,17,7,6,13,14,16
0.0699;12,18,11,10,0,9,3,4,19,6,5,16,1,8,17,7,15,13,14,2
0.0709;12,18,11,10,0,9,7,4,19,6,3,16,1,8,17,14,15,13,5,2
0.0719;0,9,11,10,12,18,7,4,19,6,3,16,1,8,5,14,15,13,17,2
0.0729;0,9,11,10,12,18,7,4,19,6,3,17,1,14,5,8,15,16,13,2
0.0739;0,9,11,10,12,7,18,4,19,6,3,17,1,14,8,5,16,15,13,2
0.0749;0,9,11,10,6,7,18,4,5,12,3,8,1,14,17,19,16,15,13,2
0.0759;0,9,11,2,6,7,13,4,5,12,3,16,1,14,17,19,8,15,18,10
0.0769;0,9,11,7,3,2,13,4,5,12,6,16,1,14,17,19,8,18,15,10
0.0779;0,9,11,7,14,18,13,4,5,12,6,16,1,3,17,2,8,19,15,10
0.0789;19,9,11,7,14,3,15,4,5,12,6,16,1,18,17,2,8,0,13,10
0.0799;19,9,11,13,14,3,15,4,5,2,6,16,1,18,10,12,8,0,7,17
0.0809;11,9,19,13,14,3,15,4,5,2,6,0,1,18,10,12,8,16,17,7
0.0819;11,9,19,13,14,3,15,4,16,2,6,0,1,18,10,12,5,7,17,8
0.0829;11,9,19,13,14,3,15,4,16,2,6,0,1,17,10,7,18,12,5,8
0.0839;11,4,10,13,14,3,15,9,16,2,6,0,1,17,19,7,18,12,8,5
0.0849;11,4,10,12,8,3,15,9,16,2,6,17,1,0,19,7,18,13,14,5
0.0859;11,4,10,12,8,3,15,9,16,2,6,5,1,0,19,13,18,14,7,17
0.0869;11,6,10,12,8,15,3,9,16,2,4,5,1,0,19,13,18,7,14,17
0.0879;11,6,12,10,8,15,3,9,16,2,4,5,17,0,19,13,18,1,14,7
0.0889;11,6,12,14,16,15,3,9,8,2,4,5,17,0,19,13,18,7,10,1
0.0899;11,6,12,8,16,15,3,9,14,17,10,5,2,0,19,13,18,7,4,1
0.0909;10,6,12,8,16,13,3,9,14,7,11,5,2,0,19,15,18,17,4,1
0.0919;10,8,16,6,15,13,3,9,14,7,11,5,2,0,19,12,18,17,4,1
0.0929;10,8,2,6,15,13,3,9,14,7,12,5,16,0,19,11,18,17,1,4
0.0939;12,8,2,6,15,13,3,19,14,7,10,5,16,0,9,11,17,18,1,4
0.0949;12,8,2,9,18,13,3,19,14,7,10,5,16,0,6,11,17,15,4,1
0.0959;12,8,2,9,16,13,6,19,14,7,10,5,18,0,3,15,17,11,4,1
0.0969;12,8,2,9,16,13,10,19,14,4,0,5,18,6,3,15,17,11,7,1
0.0979;12,8,18,9,16,13,7,19,14,4,0,6,2,5,3,15,17,11,10,1
0.0989;4,8,18,9,16,13,7,19,14,12,0,10,2,5,3,17,15,11,6,1
0.0999;0,8,14,9,16,13,7,19,12,18,4,10,2,5,3,17,15,11,6,1
0.1009;0,8,14,9,16,13,7,19,12,18,4,17,2,5,10,3,11,15,6,1
0.1019;0,8,14,9,16,13,15,19,12,18,4,17,2,5,10,7,6,3,11,1
0.1029;0,8,14,17,16,13,3,19,12,18,4,9,2,5,10,7,6,1,11,15
0.1039;0,8,14,17,3,12,16,19,13,18,4,9,2,5,10,7,6,15,11,1
0.1049;0,5,14,17,3,12,16,6,13,18,4,9,10,8,2,7,19,15,11,1
0.1059;0,6,14,17,3,12,16,5,13,18,4,7,10,8,2,9,15,19,11,1
0.1069;0,6,14,7,3,12,19,5,13,18,4,17,16,8,2,9,15,10,11,1
0.1079;0,6,14,7,11,12,19,5,13,18,4,17,16,3,1,9,15,10,8,2
0.1089;17,6,14,7,10,12,19,15,13,18,4,0,16,3,1,9,5,11,8,2
0.1099;17,6,14,10,7,12,19,15,13,18,4,0,5,3,9,1,16,11,8,2
0.1109;17,6,14,12,7,10,19,15,13,18,4,0,5,8,9,1,16,2,3,11
0.1119;17,6,14,12,7,10,18,15,13,19,4,5,0,8,9,1,16,11,3,2
0.1129;17,2,14,12,7,10,18,1,13,19,4,5,0,8,16,15,9,11,3,6
0.1139;17,18,14,12,7,10,2,5,13,19,0,1,4,8,16,15,9,11,3,6
0.1149;17,18,14,19,7,10,2,5,13,12,0,4,1,8,16,15,9,11,6,3
0.1159;7,18,14,11,17,10,2,3,13,12,0,4,1,8,16,15,9,19,6,5
0.1169;2,18,14,11,17,10,7,3,13,15,0,4,1,8,5,12,9,19,6,16
0.1179;2,18,14,1,17,10,7,3,13,15,6,4,11,8,5,12,9,19,16,0
0.1189;2,18,14,5,17,10,7,3,16,15,6,4,11,8,1,12,9,19,0,13
0.1199;2,18,14,5,17,10,7,8,16,15,6,4,11,3,19,12,1,9,0,13
0.1209;18,2,14,5,17,10,7,8,16,9,6,4,11,15,19,12,1,3,0,13
0.1219;18,2,14,5,17,10,7,8,16,9,6,4,1,13,11,12,19,3,0,15
0.1229;18,2,13,5,17,10,12,8,16,9,6,15,1,14,11,7,19,3,0,4
0.1239;18,2,13,5,17,10,12,14,16,9,6,3,1,8,11,15,19,7,0,4
0.1249;18,3,13,5,17,10,12,14,16,15,6,1,2,8,11,9,19,7,0,4
0.1259;18,10,13,5,17,3,12,14,16,15,6,1,2,8,11,0,9,7,19,4
0.1269;18,10,3,5,17,13,12,14,16,15,6,1,2,8,19,0,9,7,4,11
0.1279;18,5,3,10,17,2,12,14,16,15,8,1,13,6,19,0,9,7,4,11
0.1289;16,5,3,18,19,2,12,14,10,15,8,1,13,6,17,0,9,7,4,11
0.1299;16,5,3,18,19,2,12,14,1,9,8,10,13,6,17,0,15,7,11,4
0.1309;16,5,3,18,14,2,12,19,1,9,8,11,13,6,17,0,15,7,4,10
0.1319;16,7,3,18,14,2,12,19,1,9,13,11,8,6,17,0,15,4,5,10
0.1329;16,7,19,12,17,2,18,3,1,9,13,11,8,6,14,0,15,4,5,10
0.1339;1,7,19,12,17,2,18,3,16,9,0,11,8,6,14,13,4,15,5,10
0.1349;1,7,19,12,17,2,18,3,16,4,0,13,8,6,14,15,9,11,5,10
0.1359;1,7,19,12,0,2,18,3,16,4,13,17,8,6,14,15,5,11,9,10
0.1369;1,7,2,12,0,19,18,3,16,4,13,17,8,6,5,15,14,9,11,10
0.1379;1,7,2,12,0,19,18,3,16,13,4,17,8,6,5,9,10,15,11,14
0.1389;1,7,5,14,0,19,18,3,16,13,4,17,8,6,2,9,15,10,11,12
0.1399;1,7,5,14,0,19,18,3,16,13,15,17,8,6,2,9,12,11,10,4
0.1409;1,7,5,14,0,19,16,3,18,13,15,17,8,6,4,9,12,2,10,11
0.1419;1,7,5,2,0,19,16,3,18,14,15,17,8,6,4,9,12,13,11,10
0.1429;1,7,10,17,0,19,16,8,18,14,15,2,3,6,4,9,12,13,11,5
0.1439;1,7,10,15,0,19,16,18,8,14,4,2,3,6,17,9,12,13,11,5
0.1449;18,7,10,15,0,19,16,8,1,14,4,2,6,3,17,9,12,13,11,5
0.1459;1,7,9,15,0,19,16,8,18,3,4,2,6,14,17,10,12,13,11,5
0.1469;1,7,9,3,0,19,11,8,18,15,4,2,6,14,10,17,12,13,16,5
0.1479;1,7,9,3,0,19,11,8,18,15,4,2,17,10,14,6,16,13,12,5
0.1489;1,7,9,3,0,19,5,8,18,15,14,2,17,10,12,6,16,13,4,11
0.1499;1,7,11,3,0,19,8,5,18,17,14,2,15,10,12,6,16,13,4,9
0.1508;3,7,11,1,0,19,8,5,18,17,14,2,15,10,9,6,16,13,12,4
0.1518;3,19,11,1,0,7,8,5,18,2,14,17,15,10,9,6,16,13,4,12
0.1528;3,1,11,19,0,7,8,5,18,2,14,17,16,10,13,6,15,9,4,12
0.1538;6,1,11,19,0,7,10,5,18,8,14,17,16,2,13,3,15,9,4,12
0.1548;6,1,19,13,0,7,10,5,18,8,12,17,16,2,11,3,15,9,4,14
0.1558;6,1,19,13,0,17,10,5,18,8,12,7,16,15,11,3,2,14,4,9
0.1568;6,1,19,5,0,17,10,13,18,8,12,7,16,11,15,2,3,14,4,9
0.1578;6,1,19,5,0,8,9,13,18,17,12,7,3,11,15,2,16,14,4,10
0.1588;6,1,19,5,2,8,9,0,18,17,12,7,3,11,13,15,16,14,4,10
0.1598;6,1,19,5,11,8,9,0,18,17,12,7,15,2,13,3,16,4,14,10
0.1608;6,7,9,5,0,8,19,11,18,17,12,1,15,2,13,3,16,4,14,10
0.1618;6,7,10,5,0,8,19,11,18,15,12,1,3,2,13,17,16,4,14,9
0.1628;18,3,10,5,0,8,19,11,6,15,14,1,7,2,13,17,16,4,12,9
0.1638;18,3,10,4,9,8,19,11,6,15,14,1,7,0,13,17,16,5,12,2
0.1648;18,3,10,7,9,8,13,11,6,15,14,5,4,0,19,17,16,1,12,2
0.1658;18,3,10,7,9,14,15,11,6,13,8,1,4,0,19,17,16,5,12,2
0.1668;18,3,10,7,9,14,15,16,6,13,8,1,4,5,2,17,11,0,12,19
0.1678;18,3,10,19,9,14,15,16,6,13,8,0,4,5,2,17,12,1,11,7
0.1688;18,14,10,19,9,3,15,12,6,13,8,0,4,5,11,17,16,1,2,7
0.1698;18,14,10,19,0,3,15,12,6,13,11,9,4,2,8,17,16,1,5,7
0.1708;18,14,19,10,0,7,15,12,6,13,11,9,4,3,8,17,16,1,5,2
0.1718;18,14,19,10,0,17,15,12,6,1,11,9,4,3,8,7,13,16,5,2
0.1728;9,4,1,10,0,17,15,12,6,19,11,18,14,3,8,7,13,16,5,2
0.1738;9,4,1,10,5,6,15,12,17,19,11,18,14,3,8,7,2,16,0,13
0.1748;9,4,11,10,19,6,15,12,17,5,1,18,14,3,8,7,13,16,0,2
0.1758;9,4,5,10,19,6,15,12,17,11,1,7,8,3,14,18,13,16,0,2
0.1768;9,4,5,10,1,0,15,12,17,11,19,7,8,18,14,3,13,16,6,2
0.1778;9,4,5,10,1,0,15,12,17,11,19,6,8,3,14,18,13,2,7,16
0.1788;9,4,5,10,1,0,15,12,17,11,16,6,8,3,2,18,13,19,7,14
0.1798;9,1,15,10,4,0,5,12,17,11,16,6,8,3,2,18,13,14,7,19
0.1808;9,1,16,10,2,0,5,12,17,11,15,6,8,3,4,18,13,14,19,7
0.1818;17,1,16,10,2,0,5,12,9,11,15,6,8,3,18,4,7,14,19,13
0.1828;17,1,16,10,18,0,15,12,11,9,5,6,8,3,2,4,7,14,19,13
0.1838;17,14,16,0,18,10,15,12,9,11,5,6,8,3,2,4,7,1,19,13
0.1848;17,14,16,0,18,10,15,12,9,11,5,6,8,3,2,4,1,19,13,7
0.1858;12,14,16,0,18,10,15,17,4,11,5,6,8,3,2,9,1,19,7,13
0.1868;12,8,16,0,18,6,15,17,4,11,5,10,14,3,2,7,1,19,9,13
0.1878;12,8,16,0,18,6,15,17,4,11,1,7,14,3,2,13,5,19,9,10
0.1888;12,8,16,0,18,6,15,17,4,11,1,7,19,3,9,13,5,2,14,10
0.1898;12,18,16,0,8,6,15,17,4,11,1,7,14,3,9,13,19,2,5,10
0.1908;12,18,16,0,8,6,15,17,9,11,1,7,14,5,4,13,19,10,3,2
0.1918;12,18,16,10,8,6,15,11,9,17,1,7,14,5,4,13,19,3,0,2
0.1928;12,18,5,10,8,6,15,11,9,3,1,19,14,16,4,13,7,17,0,2
0.1938;12,18,5,10,8,6,15,11,9,14,1,19,3,16,4,13,7,2,17,0
0.1948;12,10,5,18,7,6,15,11,9,14,1,19,3,16,8,13,4,2,17,0
0.1958;12,10,15,18,7,6,5,11,9,14,1,19,8,16,3,2,4,13,17,0
0.1968;12,10,15,18,3,0,5,11,9,14,1,19,8,16,7,2,4,13,6,17
0.1978;12,10,19,18,3,0,5,11,9,14,1,15,8,16,7,17,4,6,13,2
0.1988;12,10,19,18,3,0,2,11,9,14,1,8,15,16,17,7,4,6,13,5
0.1998;12,10,17,18,3,0,2,11,9,14,1,8,7,16,13,15,4,6,19,5
0.2008;12,10,14,18,3,0,9,11,2,17,1,8,7,5,13,15,4,6,19,16
0.2018;12,10,14,18,3,11,9,0,2,17,7,8,1,5,13,15,16,6,19,4
0.2028;12,10,14,18,3,7,9,0,2,17,16,8,1,5,4,15,11,6,19,13
0.2038;12,10,14,18,3,7,17,0,2,9,16,8,6,5,4,15,19,1,11,13
0.2048;1,13,14,18,3,7,17,0,2,9,16,5,6,8,4,15,19,12,11,10
0.2058;1,13,0,5,3,7,17,14,2,9,16,18,6,8,4,15,19,12,10,11
0.2068;1,6,0,5,17,7,3,14,2,4,16,18,13,8,9,15,19,12,10,11
0.2078;1,6,0,5,17,7,3,14,2,4,16,18,15,9,13,8,19,12,10,11
0.2088;1,6,0,5,17,2,3,14,7,4,16,18,15,13,9,19,8,12,10,11
0.2098;1,6,0,2,17,5,15,14,7,4,16,18,3,9,13,19,8,12,10,11
0.2108;1,6,0,2,17,15,5,14,7,10,16,18,3,9,13,19,8,12,11,4
0.2118;1,6,18,5,17,15,2,14,7,10,16,0,3,9,13,19,12,8,11,4
0.2128;1,6,18,5,17,15,2,14,8,10,16,0,3,4,9,19,12,7,11,13
0.2138;1,6,17,5,18,15,2,14,11,10,16,0,4,3,9,19,12,7,8,13
0.2148;1,4,17,5,18,15,2,14,11,10,16,13,6,3,9,19,12,7,0,8
0.2158;1,14,17,5,18,6,2,8,11,10,16,13,15,3,9,19,12,7,0,4
0.2168;1,14,18,5,17,9,2,8,11,0,16,13,15,3,6,19,12,7,10,4
0.2178;1,14,18,5,17,9,10,8,11,0,16,19,15,3,6,13,12,7,4,2
0.2188;1,16,18,5,17,13,10,8,11,0,14,19,15,3,6,9,12,4,7,2
0.2198;1,16,18,10,17,13,5,19,11,14,0,8,15,3,6,9,12,4,7,2
0.2208;1,16,18,4,10,13,5,19,11,14,0,8,15,3,6,9,7,17,12,2
0.2218;1,16,18,4,10,2,5,19,11,13,0,7,15,3,6,9,8,17,12,14
0.2228;19,16,18,4,10,2,5,1,14,13,0,7,8,3,6,9,15,17,12,11
0.2238;19,7,18,4,10,2,5,1,16,13,0,15,8,3,6,9,14,17,12,11
0.2248;19,7,18,4,10,2,14,1,16,13,0,15,9,3,6,8,17,5,12,11
0.2258;19,7,3,10,4,2,14,1,16,13,0,15,9,18,6,8,11,5,12,17
0.2268;19,7,3,10,4,2,14,16,1,13,0,18,9,15,6,8,11,17,12,5
0.2278;19,9,3,12,4,2,14,16,1,13,0,18,7,6,15,8,11,17,10,5
0.2288;19,9,3,12,4,2,14,16,1,17,8,18,7,6,15,0,11,13,5,10
0.2298;19,9,3,12,4,2,14,16,1,17,8,11,15,6,18,0,7,13,5,10
0.2308;19,9,3,18,4,2,14,16,1,17,8,11,15,6,13,5,7,12,0,10
0.2318;19,18,3,9,4,2,14,16,1,17,8,5,15,0,13,11,7,12,6,10
0.2328;17,12,3,9,4,2,6,16,1,19,8,5,15,0,13,11,7,18,14,10
0.2338;17,12,3,9,4,2,6,16,5,19,10,1,15,0,13,11,8,18,14,7
0.2348;17,12,3,9,4,2,6,16,7,19,10,1,18,0,11,13,8,15,14,5
0.2358;17,12,3,9,4,2,6,16,7,19,10,1,18,5,14,13,15,8,11,0
0.2368;17,12,3,15,4,2,6,16,7,19,10,1,18,5,14,13,8,11,9,0
0.2378;17,12,10,15,4,0,6,18,7,19,3,1,16,5,14,13,8,11,9,2
0.2388;17,12,10,15,4,0,16,18,7,11,3,1,6,5,14,13,8,19,2,9
0.2398;17,12,10,15,4,5,16,18,11,7,3,9,6,0,14,13,8,19,2,1
0.2408;17,12,13,4,15,5,16,9,11,7,3,18,6,0,14,10,8,19,2,1
0.2418;17,14,13,4,19,5,16,9,11,7,3,18,6,0,12,10,8,15,1,2
0.2428;14,17,13,4,19,5,1,9,11,7,3,18,6,0,12,8,10,15,16,2
0.2438;14,17,2,4,19,5,0,9,7,11,3,18,6,1,12,8,10,15,16,13
0.2448;14,17,2,4,19,5,0,9,7,18,3,10,6,8,12,1,11,15,16,13
0.2458;18,17,2,4,19,5,0,9,7,14,3,10,16,8,12,1,11,13,6,15
0.2468;18,17,2,4,19,16,12,9,7,14,3,10,0,8,5,1,11,13,6,15
0.2478;18,17,14,4,2,16,12,9,7,5,3,10,0,8,19,1,11,13,6,15
0.2488;18,0,14,4,2,16,12,9,7,5,10,3,17,8,19,1,13,11,6,15
0.2498;18,0,14,4,2,16,12,11,7,5,6,9,17,8,19,1,13,3,10,15
0.2507;18,0,14,4,2,16,12,11,7,17,6,19,10,8,9,1,13,3,5,15
0.2517;18,0,14,19,2,16,12,11,7,17,6,4,10,8,9,13,1,5,3,15
0.2527;18,0,14,19,2,16,12,11,7,17,6,4,10,1,9,5,3,13,8,15
0.2537;15,0,14,19,2,16,13,11,7,17,6,4,10,1,9,5,18,12,8,3
0.2547;15,0,14,19,2,16,5,17,7,11,6,4,10,1,9,13,18,12,3,8
0.2557;15,0,14,19,2,12,5,17,7,11,6,4,10,8,9,13,18,16,1,3
0.2567;15,0,14,19,2,12,5,17,6,10,7,4,11,9,8,13,18,16,1,3
0.2577;15,0,14,19,18,12,5,17,6,10,7,4,11,9,2,8,13,16,1,3
0.2587;15,0,14,18,19,12,5,7,9,10,17,4,11,6,2,8,13,16,1,3
0.2597;15,0,18,8,19,12,5,7,9,10,17,4,11,1,2,14,13,16,6,3
0.2607;15,0,18,8,19,12,5,7,9,10,17,4,1,14,2,11,3,16,6,13
0.2617;11,0,18,8,9,12,5,7,19,10,17,4,1,14,2,15,3,16,13,6
0.2627;11,0,18,8,9,12,5,7,19,10,16,4,1,14,13,15,3,6,2,17
0.2637;2,0,18,8,9,4,5,7,19,3,16,12,1,14,13,15,10,6,11,17
0.2647;2,1,18,8,9,4,5,7,16,3,19,12,11,14,13,15,10,6,0,17
0.2657;2,1,18,8,14,4,5,17,16,3,19,13,11,9,12,15,10,6,0,7
0.2667;2,1,18,8,10,4,5,17,16,3,19,13,14,0,12,15,11,6,9,7
0.2677;2,1,18,8,10,4,5,17,19,3,6,13,14,0,11,15,12,16,9,7
0.2687;18,1,2,8,10,4,5,6,19,3,17,13,14,0,11,7,12,16,9,15
0.2697;18,1,5,3,10,2,4,6,19,8,17,13,14,0,11,7,12,16,9,15
0.2707;18,1,5,17,10,2,16,6,19,8,3,13,14,0,11,7,12,4,15,9
0.2717;10,1,5,17,18,2,16,6,19,4,9,13,14,0,11,7,12,8,15,3
0.2727;10,1,5,17,18,2,16,15,19,4,0,13,7,9,11,14,12,8,6,3
0.2737;10,1,17,5,18,2,16,15,19,4,0,13,7,9,11,14,3,12,6,8
0.2747;18,1,17,5,10,2,16,15,19,7,0,13,14,9,11,4,3,12,6,8
0.2757;18,1,17,5,10,14,16,15,19,3,0,13,2,9,11,4,7,12,8,6
0.2767;10,1,17,5,18,14,7,15,19,3,0,13,2,9,11,4,16,12,6,8
0.2777;10,1,17,5,18,11,7,15,19,3,13,0,2,9,14,4,16,8,6,12
0.2787;10,1,17,5,18,13,7,15,19,3,11,9,2,0,14,4,16,8,12,6
0.2797;10,1,17,5,18,13,7,15,19,3,11,9,12,0,14,4,16,6,8,2
0.2807;10,1,17,5,18,13,7,15,16,3,11,9,12,0,14,4,19,2,6,8
0.2817;10,1,17,5,6,13,3,15,16,19,11,9,12,0,14,4,7,2,18,8
0.2827;10,1,12,5,6,13,3,15,19,16,11,9,17,0,14,4,7,2,8,18
0.2837;10,1,12,5,6,13,3,15,19,16,11,9,17,0,18,4,14,7,8,2
0.2847;10,1,3,5,6,13,8,15,19,16,11,9,17,0,18,4,2,7,12,14
0.2857;10,1,6,5,3,13,8,15,19,16,11,14,17,0,4,18,2,7,12,9
0.2867;10,5,2,1,3,13,8,15,19,16,11,14,17,0,4,18,6,7,9,12
0.2877;10,5,2,6,0,13,8,15,19,16,11,14,4,3,17,18,1,7,9,12
0.2887;9,5,2,4,0,13,8,15,19,16,11,14,7,3,17,18,1,6,10,12
0.2897;9,5,2,4,0,13,16,14,19,8,11,15,7,3,17,18,1,10,6,12
0.2907;9,12,2,4,0,13,19,14,16,8,11,15,18,3,17,7,1,10,6,5
0.2917;9,12,18,4,0,13,19,14,16,8,11,15,2,3,6,7,1,17,10,5
0.2927;9,12,18,4,7,13,19,14,16,8,11,15,2,3,6,17,1,5,10,0
0.2937;9,12,18,4,7,13,19,16,14,8,11,15,2,1,6,17,5,3,10,0
0.2947;9,12,18,0,10,13,19,16,14,8,11,15,2,1,6,17,5,7,3,4
0.2957;16,12,9,0,10,13,19,18,14,8,5,15,2,1,6,17,11,7,3,4
0.2967;16,14,9,0,10,4,19,18,12,8,13,15,2,1,6,17,11,7,3,5
0.2977;14,16,9,0,10,4,7,18,12,8,13,15,2,1,6,17,11,5,3,19
0.2987;14,16,9,0,10,4,7,1,8,12,13,15,2,18,6,17,11,19,3,5
0.2997;14,16,9,6,10,4,7,1,8,12,18,15,2,13,11,17,0,19,3,5
0.3007;14,16,9,6,10,7,4,1,8,12,18,2,15,13,19,17,0,11,3,5
0.3017;17,16,9,6,10,7,4,1,8,12,5,2,18,13,19,14,0,11,3,15
0.3027;17,16,9,6,10,7,4,1,8,11,0,2,18,13,19,14,5,12,15,3
0.3037;17,16,0,11,10,7,14,1,8,6,9,2,18,13,19,4,5,12,15,3
0.3047;17,16,9,11,15,7,14,1,8,6,0,2,18,13,19,4,5,10,12,3
0.3057;17,16,9,11,15,7,14,1,8,6,0,19,18,13,2,4,5,3,10,12
0.3067;17,16,9,11,15,18,14,1,10,6,0,19,7,13,2,4,8,3,5,12
0.3077;17,16,10,11,15,18,14,1,9,6,0,19,7,13,2,3,5,4,8,12
0.3087;17,16,10,11,1,14,18,15,9,6,0,8,7,13,2,3,5,4,19,12
0.3097;17,16,10,8,1,14,18,15,9,6,0,11,5,13,2,3,7,4,12,19
0.3107;17,16,6,8,1,14,18,12,9,10,0,11,5,13,2,19,7,4,15,3
0.3117;17,16,6,8,1,14,18,11,9,10,12,0,5,4,2,19,7,13,15,3
0.3127;17,16,6,8,1,14,18,10,9,11,12,0,5,4,15,19,3,13,2,7
0.3137;17,16,6,14,1,8,18,10,9,11,12,0,13,3,15,19,4,5,2,7
0.3147;17,16,6,14,10,8,18,1,9,11,12,0,3,5,15,19,4,13,2,7
0.3157;17,16,6,14,10,8,18,1,11,9,12,0,3,5,7,19,4,13,15,2
0.3167;3,16,6,14,10,8,18,1,11,9,12,0,15,7,5,19,4,13,17,2
0.3177;3,19,6,16,10,8,18,1,11,9,12,0,7,15,5,14,4,13,17,2
0.3187;3,19,6,16,10,8,18,1,11,15,5,0,7,9,17,14,4,13,12,2
0.3197;3,19,6,16,10,8,18,1,9,15,5,12,7,11,17,2,4,13,0,14
0.3207;3,19,6,16,11,8,18,1,9,15,0,12,7,10,17,2,4,14,5,13
0.3217;3,19,6,16,11,8,18,1,9,7,0,12,15,5,17,2,4,13,10,14
0.3227;3,19,6,16,11,8,0,18,9,7,1,13,15,5,17,2,4,12,10,14
0.3237;1,19,6,16,11,8,0,18,9,7,3,13,4,5,17,2,15,14,10,12
0.3247;1,19,6,16,9,5,0,18,11,7,3,13,4,8,17,15,2,14,10,12
0.3257;1,17,6,16,9,5,0,18,3,7,11,13,4,8,19,10,2,14,15,12
0.3267;1,17,6,16,9,5,0,18,3,7,11,19,4,8,13,10,14,2,12,15
0.3277;1,17,6,16,9,5,0,18,3,7,11,15,4,8,12,10,14,13,2,19
0.3287;1,17,6,16,9,5,0,18,3,7,15,11,4,8,12,10,13,14,19,2
0.3297;1,17,6,16,9,12,0,18,3,7,15,11,4,5,8,10,13,14,2,19
0.3307;1,17,6,16,18,14,0,9,3,7,15,11,4,5,12,10,13,8,2,19
0.3317;1,17,7,16,18,14,0,9,3,6,15,11,10,19,12,4,13,8,2,5
0.3327;1,17,7,16,5,14,6,9,3,0,13,11,10,19,12,4,15,8,2,18
0.3337;1,17,7,19,5,14,6,9,3,0,13,11,10,18,2,4,15,8,12,16
0.3347;1,17,7,19,5,14,0,9,4,6,13,11,2,18,10,3,15,8,12,16
0.3357;1,7,17,15,5,14,0,9,4,6,13,11,2,19,10,3,18,8,12,16
0.3367;1,7,17,19,5,14,0,9,4,12,13,8,2,15,10,3,18,11,6,16
0.3377;1,7,17,19,5,14,0,9,2,12,13,8,4,15,10,3,6,16,18,11
0.3387;1,7,17,11,5,14,0,9,2,12,13,4,8,6,10,3,15,16,18,19
0.3397;1,7,16,4,5,14,0,9,2,12,13,11,15,6,10,3,8,17,18,19
0.3407;1,7,16,4,5,14,0,11,2,10,13,9,15,6,12,18,8,17,3,19
0.3417;1,7,16,4,5,14,3,11,2,0,13,9,8,6,12,18,15,17,10,19
0.3427;1,7,5,4,16,14,6,11,2,0,13,9,8,3,12,18,15,10,17,19
0.3437;2,7,5,11,16,14,6,4,1,17,13,9,8,3,12,18,15,10,0,19
0.3447;2,7,5,11,1,14,19,4,16,17,13,9,3,8,12,18,15,10,0,6
0.3457;2,7,5,11,14,1,19,4,16,17,10,9,3,8,0,18,15,13,12,6
0.3467;2,7,5,11,14,1,19,4,16,15,10,9,13,8,0,18,17,6,12,3
0.3477;0,7,5,15,14,1,19,4,16,11,10,9,18,8,2,13,17,6,12,3
0.3487;17,7,5,15,14,1,19,4,12,10,11,9,18,8,2,13,0,6,16,3
0.3497;17,7,5,19,14,1,15,4,12,10,11,9,18,8,2,3,13,6,16,0
0.3506;12,7,15,19,14,1,5,4,17,10,11,9,18,8,2,3,16,6,13,0
0.3516;12,7,15,19,14,1,5,4,17,10,11,9,18,8,13,3,16,0,6,2
0.3526;12,5,15,19,14,1,7,4,17,10,11,9,18,8,13,3,2,0,16,6
0.3536;12,5,14,19,15,1,7,4,17,10,11,8,18,9,13,0,2,3,16,6
0.3546;12,5,14,19,3,1,7,4,17,10,11,8,18,9,0,15,2,13,16,6
0.3556;7,5,14,19,3,1,12,4,17,10,11,8,18,13,0,16,2,9,15,6
0.3566;7,5,14,19,3,15,12,4,17,1,11,8,18,13,0,16,2,9,6,10
0.3576;7,5,14,19,3,15,12,4,17,1,11,8,18,0,16,13,2,9,10,6
0.3586;7,5,14,19,3,15,12,4,17,1,11,8,16,0,6,13,2,9,18,10
0.3596;7,5,14,19,3,15,12,4,17,1,10,0,16,8,6,13,2,9,11,18
0.3606;7,5,14,19,3,15,10,4,17,1,6,0,16,13,12,8,2,9,11,18
0.3616;1,5,14,19,3,13,10,4,17,7,6,0,16,2,12,8,15,9,11,18
0.3626;1,5,14,18,3,13,10,4,17,7,6,19,16,11,12,8,15,9,2,0
0.3636;1,5,14,18,3,8,16,4,17,7,6,19,10,11,12,9,15,13,2,0
0.3646;4,5,14,18,0,8,16,1,17,9,6,19,10,11,12,7,15,13,2,3
0.3656;4,5,14,18,0,9,16,1,17,8,10,19,3,11,12,7,15,13,2,6
0.3666;4,5,14,18,0,9,16,1,17,2,10,19,3,11,12,6,15,13,7,8
0.3676;4,2,14,18,0,9,6,11,17,5,10,19,3,1,12,16,15,13,7,8
0.3686;4,8,14,18,0,9,6,12,17,5,10,19,3,1,13,16,15,11,7,2
0.3696;12,1,14,18,0,9,6,4,17,5,10,3,19,8,13,16,15,11,7,2
0.3706;7,1,5,14,0,9,6,4,17,18,10,3,19,8,13,16,15,11,12,2
0.3716;2,1,5,14,0,9,6,4,17,18,10,3,19,8,13,16,15,12,7,11
0.3726;2,1,5,14,0,9,6,3,17,18,10,4,19,13,8,16,15,7,12,11
0.3736;2,1,5,14,0,19,6,10,17,18,3,4,9,13,8,16,15,11,12,7
0.3746;2,1,5,14,0,19,6,15,17,16,3,9,4,13,8,18,10,11,12,7
0.3756;13,1,5,14,0,19,6,10,17,16,3,9,8,2,4,18,15,11,12,7
0.3766;13,1,5,14,0,19,6,10,17,16,3,9,8,11,12,7,15,2,4,18
0.3776;13,16,5,14,18,19,6,10,17,1,3,9,0,11,12,7,15,2,4,8
0.3786;13,16,5,14,18,19,6,11,1,17,3,9,0,10,12,7,4,2,15,8
0.3796;13,16,5,14,0,19,6,11,8,17,3,9,10,18,12,7,4,2,15,1
0.3806;13,16,5,14,0,19,6,11,8,9,3,17,10,7,12,15,4,2,18,1
0.3816;0,16,5,14,13,19,6,11,8,9,15,17,10,7,3,12,4,2,18,1
0.3826;3,16,5,2,13,19,6,11,8,9,15,17,10,7,0,12,18,14,4,1
0.3836;9,18,5,2,13,19,6,11,8,3,15,10,17,7,0,12,16,14,4,1
0.3846;9,18,5,2,13,19,6,11,8,3,15,12,17,7,10,4,16,14,0,1
0.3856;9,12,5,2,13,19,6,11,8,3,10,1,17,7,15,4,16,14,0,18
0.3866;9,12,5,2,10,19,6,11,8,3,18,1,17,7,15,16,4,14,0,13
0.3876;9,12,5,2,10,18,6,11,8,3,19,1,17,7,15,0,4,14,13,16
0.3886;9,8,5,2,10,18,6,11,12,3,19,1,17,7,0,14,4,15,13,16
0.3896;9,8,5,2,10,18,1,11,12,4,19,6,17,7,0,14,3,15,16,13
0.3906;9,8,5,10,2,18,1,11,12,4,19,13,17,15,0,14,3,7,16,6
0.3916;9,5,8,10,2,18,1,11,12,4,19,13,17,15,0,3,14,7,6,16
0.3926;6,5,8,10,2,18,1,11,12,4,19,13,17,15,0,7,14,3,16,9
0.3936;7,17,8,10,2,18,1,11,12,4,19,13,3,15,0,6,14,5,16,9
0.3946;7,17,8,10,2,18,1,11,12,4,5,13,3,15,19,6,14,16,0,9
0.3956;7,17,8,10,2,18,6,11,12,4,14,1,3,15,19,13,5,16,0,9
0.3966;13,17,8,10,2,18,11,6,12,4,1,14,3,15,19,7,5,16,0,9
0.3976;13,17,8,10,11,18,2,6,12,4,1,16,3,15,19,7,5,9,0,14
0.3986;7,17,0,10,11,18,3,6,12,4,1,16,2,15,19,13,5,9,8,14
0.3996;7,4,0,10,5,18,3,1,12,17,6,16,2,15,19,13,11,9,8,14
0.4006;7,11,0,10,5,18,1,3,12,15,6,16,2,17,19,13,4,9,8,14
0.4016;7,11,0,10,5,18,1,3,12,17,16,6,2,15,8,13,4,9,19,14
0.4026;7,11,0,10,5,3,9,18,12,17,16,6,2,8,15,13,4,1,19,14
0.4036;15,11,0,3,8,10,9,18,12,17,16,6,2,5,7,13,4,1,19,14
0.4046;15,11,0,3,8,19,9,18,12,17,16,6,2,5,4,13,7,1,14,10
0.4056;15,3,0,11,8,2,9,10,12,17,16,6,19,5,4,13,7,1,14,18
0.4066;15,3,12,11,8,2,9,10,0,17,1,6,19,5,18,13,7,16,14,4
0.4076;15,3,12,11,8,2,9,10,0,17,5,6,19,1,7,13,4,16,14,18
0.4086;15,3,12,17,8,2,9,10,18,11,5,6,19,1,7,13,0,16,14,4
0.4096;15,3,12,17,8,2,9,10,18,11,14,6,19,4,16,13,0,7,5,1
0.4106;15,3,12,17,14,7,9,10,18,4,8,6,19,11,16,13,0,2,5,1
0.4116;15,3,12,17,14,7,9,10,18,4,19,6,8,11,16,13,1,2,0,5
0.4126;15,3,12,17,14,7,9,10,2,4,13,6,8,11,16,5,1,18,0,19
0.4136;15,3,12,17,14,6,9,10,2,5,13,7,19,11,16,4,1,18,0,8
0.4146;15,3,12,17,14,6,9,10,2,5,13,8,19,11,7,4,1,18,16,0
0.4156;15,6,12,17,1,3,9,10,2,5,16,8,19,11,7,4,14,18,13,0
0.4166;15,6,12,0,1,3,9,10,2,5,16,8,19,11,7,14,18,4,13,17
0.4176;15,6,12,0,1,3,2,10,9,5,19,8,16,11,7,14,18,17,13,4
0.4186;15,6,12,9,1,3,2,10,0,5,19,7,16,11,8,14,18,4,13,17
0.4196;15,6,12,9,1,17,2,7,0,5,19,10,16,11,8,14,18,4,3,13
0.4206;15,6,12,9,1,17,2,7,3,5,10,19,16,11,8,14,4,18,0,13
0.4216;15,6,12,9,0,17,11,7,3,5,10,19,16,13,8,14,4,18,1,2
0.4226;1,6,12,9,0,17,3,7,11,5,10,19,16,13,8,14,15,18,4,2
0.4236;12,1,6,9,0,17,3,7,11,5,10,19,16,13,8,14,15,18,2,4
0.4246;12,1,6,9,0,17,3,7,11,5,10,19,14,13,4,8,15,18,2,16
0.4256;12,1,6,15,0,17,3,7,11,8,10,19,14,13,4,5,18,9,2,16
0.4266;12,10,6,15,0,17,7,3,11,8,9,19,14,13,4,5,18,1,2,16
0.4276;12,5,2,15,0,17,7,18,11,8,9,19,14,13,4,10,3,1,6,16
0.4286;12,5,2,19,0,17,7,18,8,11,9,15,16,13,4,10,3,1,6,14
0.4296;4,5,2,13,0,17,7,18,8,11,9,15,6,19,12,10,3,1,16,14
0.4306;4,5,2,13,3,17,7,18,8,0,9,15,6,16,12,10,11,1,19,14
0.4316;4,5,2,13,10,17,7,18,8,0,9,12,6,16,14,3,11,1,19,15
0.4326;4,5,2,13,14,17,7,18,8,0,19,12,3,16,10,6,11,1,9,15
0.4336;1,16,2,13,14,17,7,18,8,15,19,12,3,5,10,6,11,4,9,0
0.4346;1,16,18,2,14,17,7,13,8,15,5,12,3,19,10,6,11,4,9,0
0.4356;1,16,18,2,14,17,7,13,8,19,5,12,9,15,10,6,11,0,3,4
0.4366;1,16,18,2,14,17,7,13,0,4,5,19,9,15,10,6,11,8,3,12
0.4376;1,16,18,2,14,17,7,13,0,4,5,8,9,10,15,6,11,12,3,19
0.4386;1,16,18,2,14,17,12,0,13,4,5,8,9,10,15,11,6,7,3,19
0.4396;1,16,19,17,14,2,12,0,13,4,5,8,9,10,15,11,7,6,3,18
0.4406;1,16,19,17,0,2,12,14,13,4,5,15,9,10,8,6,7,11,3,18
0.4416;1,7,19,17,8,2,12,14,13,4,5,15,9,10,0,6,16,18,3,11
0.4426;1,7,8,17,19,2,12,14,13,4,5,15,11,10,0,6,16,9,3,18
0.4436;1,7,8,17,19,2,12,4,13,14,5,15,10,11,0,18,16,9,3,6
0.4446;1,7,8,17,19,2,12,4,13,6,5,15,3,18,0,11,16,9,10,14
0.4456;1,17,3,7,19,2,12,4,13,6,5,9,8,18,0,11,16,15,10,14
0.4466;10,17,3,7,19,2,12,4,13,6,5,9,8,18,0,14,16,11,1,15
0.4476;10,17,3,7,6,2,12,4,13,19,5,9,8,18,0,11,1,14,16,15
0.4486;10,17,7,3,6,19,12,4,13,2,5,9,8,18,0,11,1,15,16,14
0.4496;2,17,7,3,6,4,12,19,13,10,5,9,8,18,0,11,1,15,14,16
0.4505;17,5,7,11,6,4,12,19,13,10,2,9,8,18,0,3,1,15,14,16
0.4515;13,5,7,11,6,4,12,19,17,10,2,9,8,16,3,0,1,15,14,18
0.4525;13,5,7,11,18,4,12,19,17,10,2,9,0,16,8,3,1,15,14,6
0.4535;13,5,7,11,18,4,16,19,17,14,2,9,12,0,8,3,1,15,10,6
0.4545;13,5,7,11,9,4,16,19,17,14,2,18,0,12,8,3,1,15,6,10
0.4555;13,5,7,11,9,4,16,19,17,8,2,18,0,1,14,3,12,10,6,15
0.4565;13,5,7,11,9,4,16,17,19,8,2,18,0,15,14,3,12,1,6,10
0.4575;13,5,7,11,9,1,17,16,19,8,2,18,0,15,14,3,12,4,10,6
0.4585;4,5,7,11,9,1,18,14,19,8,2,17,0,15,16,3,12,13,10,6
0.4595;4,5,7,11,2,1,18,14,19,8,9,17,0,15,13,3,10,16,12,6
0.4605;4,5,7,11,15,1,18,14,19,8,9,17,0,2,3,12,10,16,13,6
0.4615;4,5,7,12,15,1,16,14,19,8,9,17,0,2,13,11,10,18,3,6
0.4625;4,5,7,6,15,1,16,14,19,8,9,17,0,3,11,13,10,18,2,12
0.4635;12,5,7,10,15,1,16,14,19,8,9,17,13,3,11,0,6,18,2,4
0.4645;12,5,7,10,15,1,16,14,18,2,9,17,13,3,11,0,19,6,8,4
0.4655;12,5,7,10,15,1,13,14,18,2,9,17,16,11,3,0,19,6,4,8
0.4665;12,5,7,10,15,1,13,14,18,8,9,17,16,11,19,0,4,6,3,2
0.4675;12,5,7,10,15,1,14,13,18,8,9,4,19,11,16,0,17,6,3,2
0.4685;12,5,7,10,15,8,14,13,2,1,9,4,19,11,16,0,17,18,3,6
0.4695;10,5,7,4,15,8,14,13,2,1,9,12,19,11,0,16,17,18,3,6
0.4705;10,5,7,4,14,8,15,13,18,1,6,12,19,11,0,16,17,2,3,9
0.4715;0,14,7,4,5,15,8,13,18,1,6,12,19,11,10,16,17,2,3,9
0.4725;2,14,7,4,5,15,8,13,18,1,6,12,19,10,11,16,17,3,0,9
0.4735;2,14,7,4,5,15,8,0,18,1,17,12,19,10,11,16,3,6,13,9
0.4745;2,15,7,4,8,14,5,10,18,1,17,12,19,0,11,16,3,6,13,9
0.4755;2,15,7,4,8,14,5,10,9,6,17,12,19,0,13,16,3,1,11,18
0.4765;2,15,7,4,10,14,19,8,9,6,17,11,5,0,13,16,3,1,12,18
0.4775;8,15,7,4,0,14,19,2,9,6,17,11,18,10,13,16,3,1,12,5
0.4785;2,15,7,4,0,14,19,8,9,6,17,11,18,10,3,16,13,5,12,1
0.4795;2,15,6,4,0,14,19,8,9,7,12,11,18,10,3,16,1,5,17,13
0.4805;2,14,6,4,0,15,19,3,9,7,12,11,18,5,8,16,1,10,17,13
0.4815;2,14,6,4,0,15,19,12,9,7,18,11,3,5,8,16,17,10,1,13
0.4825;12,14,10,4,0,15,19,2,17,7,18,11,3,5,8,16,9,6,1,13
0.4835;12,14,0,4,17,15,7,2,10,19,18,11,3,5,8,16,9,6,1,13
0.4845;15,17,0,4,14,12,7,2,11,19,18,10,3,5,8,16,9,6,1,13
0.4855;15,17,0,14,4,12,7,2,11,19,18,10,3,5,8,9,16,13,1,6
0.4865;15,7,0,14,4,12,10,2,11,16,18,17,3,5,8,9,19,13,1,6
0.4875;15,7,0,14,4,12,10,2,11,16,18,17,3,5,1,13,19,8,9,6
0.4885;15,7,0,14,4,12,10,2,11,16,1,17,3,13,18,5,19,6,9,8
0.4895;15,6,0,17,4,12,10,2,11,16,1,14,3,13,18,5,8,7,9,19
0.4905;15,6,0,17,10,12,4,2,11,5,1,14,13,3,18,16,8,7,9,19
0.4915;15,6,4,17,10,12,0,2,11,5,3,14,13,16,18,1,8,7,9,19
0.4925;15,7,4,17,10,12,2,0,11,5,16,14,13,3,18,1,8,6,9,19
0.4935;15,7,16,4,10,12,2,0,11,13,17,14,5,3,18,1,8,6,9,19
0.4945;15,7,16,4,10,12,8,6,11,13,17,14,5,9,18,1,2,0,3,19
0.4955;15,7,14,6,10,12,8,2,11,13,17,16,5,9,18,1,4,0,3,19
0.4965;15,7,14,6,10,12,8,2,18,13,17,16,1,9,19,5,4,0,3,11
0.4975;2,7,14,6,10,12,8,15,18,13,17,4,1,9,19,5,16,0,11,3
0.4985;2,7,14,6,10,12,8,15,13,18,17,4,1,9,19,0,16,5,3,11
0.4995;2,7,14,6,10,12,8,17,13,18,15,4,1,9,5,0,16,11,3,19
0.5005;2,17,14,6,10,12,8,7,13,0,15,4,1,9,5,11,16,18,3,19
0.5015;2,17,14,6,10,12,8,7,0,13,15,18,1,9,5,11,16,19,3,4
0.5025;2,17,14,6,10,12,9,7,0,13,15,18,11,8,5,1,16,19,4,3
0.5035;2,19,14,6,10,12,9,7,16,13,15,18,11,8,5,1,0,17,3,4
0.5045;2,19,14,6,10,12,9,7,16,13,1,18,11,8,5,15,17,0,4,3
0.5055;8,19,14,6,10,12,9,7,16,13,1,18,11,2,0,3,17,5,4,15
0.5065;8,19,14,6,3,12,17,7,16,13,1,18,4,2,0,10,9,5,11,15
0.5075;8,19,14,6,3,12,17,15,16,0,11,18,4,2,13,10,9,5,1,7
0.5085;8,10,14,6,3,12,17,15,16,0,11,18,4,5,13,19,1,2,9,7
0.5095;16,15,14,6,3,12,17,10,8,0,11,18,2,5,13,19,1,4,9,7
0.5105;16,15,9,12,3,6,17,10,8,0,11,18,2,5,13,19,4,1,14,7
0.5115;16,15,9,12,3,19,17,10,8,0,11,18,2,14,13,6,7,1,5,4
0.5125;16,15,9,12,3,19,17,10,8,0,11,7,2,14,13,6,1,4,5,18
0.5135;13,15,9,12,3,19,17,10,8,0,14,7,2,11,16,4,1,6,5,18
0.5145;13,15,9,12,3,19,17,10,8,1,14,6,2,11,16,4,0,7,18,5
0.5155;13,15,9,12,3,19,17,10,4,1,14,6,2,11,0,8,5,7,18,16
0.5165;13,15,9,12,3,19,7,10,4,16,14,6,11,2,0,8,5,17,18,1
0.5175;13,15,9,6,3,19,7,10,4,16,14,12,11,2,0,8,1,18,17,5
0.5185;13,15,9,6,3,19,7,10,4,5,14,12,11,18,16,8,1,2,17,0
0.5195;13,15,11,6,7,19,3,10,4,5,14,12,9,18,16,2,1,8,17,0
0.5205;12,15,11,6,7,19,3,10,4,5,14,13,9,1,16,2,0,8,17,18
0.5215;12,1,11,6,7,19,18,10,4,5,14,13,9,15,16,2,17,8,0,3
0.5225;12,1,11,6,18,19,7,8,4,5,14,2,9,15,16,13,17,10,0,3
0.5235;12,1,11,6,18,19,7,8,4,5,3,17,9,15,16,13,2,0,10,14
0.5245;12,15,11,6,18,9,7,8,13,5,3,17,19,1,16,4,2,0,10,14
0.5255;12,15,11,6,18,16,7,8,13,5,3,17,19,1,0,4,9,2,10,14
0.5265;12,15,11,6,18,16,7,8,3,5,13,17,19,1,0,4,9,10,14,2
0.5275;3,15,11,0,18,16,7,8,12,5,13,17,19,1,6,4,2,10,14,9
0.5285;3,15,16,0,18,11,1,8,12,5,13,17,19,2,6,4,7,10,14,9
0.5295;3,15,18,0,16,11,1,8,12,5,13,14,6,2,19,4,7,10,17,9
0.5305;3,15,18,0,17,11,1,14,12,5,13,8,6,2,19,4,16,10,7,9
0.5315;3,15,0,17,18,6,1,14,12,5,13,8,11,2,19,4,16,10,7,9
0.5325;3,15,0,17,18,6,1,14,12,13,4,8,11,2,19,5,9,10,7,16
0.5335;3,15,6,7,18,0,1,14,8,13,4,12,11,2,19,5,9,10,17,16
0.5345;8,15,6,7,18,0,1,14,3,13,5,12,11,2,19,10,9,4,17,16
0.5355;8,15,6,7,18,0,10,9,2,13,5,12,11,3,19,1,14,4,17,16
0.5365;8,15,6,7,18,0,10,9,2,13,1,12,11,3,19,5,16,4,14,17
0.5375;8,15,6,7,18,10,0,9,2,13,1,12,11,16,19,5,3,14,4,17
0.5385;8,15,18,14,6,10,0,9,2,13,1,12,11,16,7,5,3,19,4,17
0.5395;8,15,9,14,6,12,17,18,2,13,1,10,11,16,7,5,3,19,4,0
0.5405;8,17,9,15,6,12,14,18,4,13,1,10,11,16,7,5,3,19,2,0
0.5415;8,17,9,15,6,12,14,18,13,4,1,10,11,16,7,0,2,19,3,5
0.5425;8,17,9,12,6,15,14,18,13,4,1,10,11,16,7,3,2,0,19,5
0.5435;8,12,9,17,6,15,14,7,13,4,1,10,11,16,18,3,5,0,19,2
0.5445;8,4,12,17,6,15,14,7,13,9,1,10,11,16,18,3,0,5,19,2
0.5455;8,4,13,10,6,15,3,7,12,9,1,17,11,16,18,14,0,5,19,2
0.5465;8,4,13,10,6,15,12,7,3,9,1,17,11,19,0,14,18,5,16,2
0.5475;8,4,13,10,6,3,12,7,11,9,1,17,15,19,0,14,16,5,18,2
0.5485;8,4,13,17,6,3,12,10,11,9,1,7,15,0,19,14,16,5,18,2
0.5495;1,4,13,17,6,16,12,10,11,9,8,7,15,5,19,14,3,0,18,2
0.5504;5,4,1,3,6,16,12,10,11,9,8,7,15,13,19,14,17,0,18,2
0.5514;5,4,1,12,6,16,3,10,11,9,8,14,15,13,19,7,2,0,18,17
0.5524;5,4,1,12,6,16,3,14,11,9,8,10,15,13,17,7,18,0,2,19
0.5534;5,18,1,12,6,16,3,14,11,15,8,10,9,2,17,7,4,0,13,19
0.5544;9,18,1,12,6,16,19,14,5,15,8,10,11,2,17,7,4,0,13,3
0.5554;9,18,1,12,6,16,19,15,5,14,8,10,11,2,13,7,3,0,17,4
0.5564;9,18,1,12,6,16,19,15,13,14,8,17,11,2,0,7,3,5,10,4
0.5574;9,18,1,12,16,6,19,15,13,14,8,17,11,2,0,3,7,5,4,10
0.5584;9,18,1,12,16,6,19,15,13,14,8,17,11,3,2,0,5,7,4,10
0.5594;9,18,1,12,19,6,16,15,13,14,8,10,11,4,2,0,5,7,3,17
0.5604;9,18,1,12,19,6,16,5,4,14,8,2,11,13,10,0,15,7,3,17
0.5614;2,18,1,12,19,6,10,5,4,14,8,9,11,0,16,13,15,7,3,17
0.5624;2,18,8,12,19,6,10,5,4,14,1,9,11,0,17,13,3,7,15,16
0.5634;2,18,8,14,19,6,10,5,4,12,1,9,11,0,3,13,7,17,15,16
0.5644;2,18,8,14,13,6,10,5,4,16,1,9,11,0,3,19,7,17,12,15
0.5654;2,18,8,14,13,6,15,0,4,16,1,9,11,12,3,19,7,17,5,10
0.5664;2,18,8,14,13,6,15,0,4,16,7,9,3,12,11,1,19,17,5,10
0.5674;2,18,8,4,13,14,15,0,6,16,7,9,3,12,11,1,19,10,5,17
0.5684;2,18,6,4,13,14,15,0,8,16,5,9,3,11,12,1,19,10,7,17
0.5694;2,18,4,6,13,14,15,0,8,16,5,9,17,11,12,1,7,10,19,3
0.5704;2,16,4,6,13,14,15,3,8,18,5,9,17,11,0,1,7,10,19,12
0.5714;2,16,4,10,13,14,8,3,15,18,12,9,17,11,0,1,7,6,19,5
0.5724;2,16,4,10,13,14,8,3,6,18,15,9,17,11,0,5,7,12,19,1
0.5734;6,16,4,10,13,14,8,2,3,18,15,9,17,11,0,5,7,1,19,12
0.5744;6,5,8,10,13,14,4,2,3,18,15,9,17,11,0,16,19,1,7,12
0.5754;6,5,8,10,13,14,4,0,3,18,15,9,1,11,2,16,12,17,7,19
0.5764;6,5,8,10,13,14,4,0,3,18,15,9,1,2,12,16,11,17,19,7
0.5774;13,5,8,10,6,14,4,0,3,18,15,9,1,2,17,19,11,12,16,7
0.5784;9,5,8,10,6,14,4,0,3,18,15,16,1,2,17,19,11,12,7,13
0.5794;9,5,8,10,4,14,6,0,3,18,15,16,17,2,19,1,11,12,7,13
0.5804;9,5,8,10,4,14,6,0,3,18,15,16,17,2,7,11,1,19,12,13
0.5814;7,5,12,10,4,14,6,0,3,18,15,16,17,2,9,11,13,19,8,1
0.5824;7,5,12,10,4,14,6,0,11,18,15,2,17,16,9,3,13,19,1,8
0.5834;7,5,17,10,4,14,6,0,11,18,15,3,12,16,9,2,13,19,8,1
0.5844;7,5,17,10,4,11,2,0,14,18,15,3,12,16,9,8,13,19,6,1
0.5854;7,2,17,10,4,11,5,0,14,18,12,1,15,16,9,8,13,19,6,3
0.5864;7,2,17,16,4,11,5,0,13,18,12,1,15,10,9,3,14,19,6,8
0.5874;7,3,17,16,4,11,5,9,13,18,12,1,15,10,0,2,6,19,14,8
0.5884;7,3,15,16,4,11,5,9,13,18,12,1,10,0,17,2,6,19,14,8
0.5894;7,3,15,16,4,11,5,9,13,1,2,18,19,0,17,12,6,10,14,8
0.5904;7,16,15,3,4,11,5,9,10,1,2,18,19,0,17,12,6,8,14,13
0.5914;7,16,15,3,4,11,5,18,10,1,2,9,6,0,17,12,14,8,19,13
0.5924;7,16,3,15,4,11,5,18,10,1,2,9,6,12,17,0,13,8,19,14
0.5934;7,16,3,12,4,11,5,18,10,1,2,9,6,15,8,19,13,17,0,14
0.5944;7,16,3,12,0,11,5,17,10,13,2,9,6,15,8,19,1,18,4,14
0.5954;7,16,3,18,0,11,5,17,14,13,2,9,6,4,8,19,1,12,15,10
0.5964;7,16,3,18,0,13,5,1,14,11,2,9,6,4,8,19,12,17,15,10
0.5974;7,16,3,18,6,13,5,1,14,11,2,9,0,4,17,19,12,10,15,8
0.5984;7,16,3,18,6,13,1,5,14,11,2,9,0,4,17,8,12,15,10,19
0.5994;7,16,3,18,6,19,1,5,8,11,13,9,0,4,17,14,12,15,10,2
0.6004;7,16,4,18,9,19,1,5,8,11,13,6,0,3,17,14,12,15,2,10
0.6014;7,16,0,18,9,19,1,17,8,11,13,6,4,3,5,14,15,12,2,10
0.6024;7,16,0,18,9,14,1,17,8,11,13,6,4,15,2,19,3,12,5,10
0.6034;7,16,0,18,10,14,1,17,8,11,13,5,4,15,2,9,3,12,6,19
0.6044;7,16,0,18,10,14,1,17,8,11,2,5,4,15,13,6,3,19,9,12
0.6054;14,16,0,18,10,7,1,17,8,11,15,5,4,2,13,19,3,6,9,12
0.6064;14,16,0,18,10,5,1,17,8,11,15,13,4,2,7,12,3,6,9,19
0.6074;14,16,0,18,10,5,9,17,7,11,15,13,4,2,12,8,3,6,1,19
0.6084;14,16,0,18,10,3,9,17,6,11,12,13,4,2,15,8,5,7,1,19
0.6094;14,16,0,18,10,3,9,17,6,11,7,13,4,12,15,8,5,19,1,2
0.6104;14,16,9,18,10,3,0,17,6,12,19,13,4,11,15,8,5,7,1,2
0.6114;14,16,9,18,10,4,0,17,6,12,19,7,3,11,15,8,5,1,13,2
0.6124;15,16,9,18,10,4,17,0,5,12,19,7,3,11,14,8,6,1,13,2
0.6134;7,14,9,18,10,4,17,5,0,12,19,15,3,11,16,8,6,1,13,2
0.6144;7,14,9,18,10,4,17,5,0,3,19,15,1,13,16,8,6,12,11,2
0.6154;6,14,9,10,18,4,17,5,0,3,19,15,1,8,16,13,7,12,11,2
0.6164;6,14,18,10,9,4,17,13,0,3,19,15,1,8,16,5,7,12,2,11
0.6174;6,16,18,10,9,4,0,2,17,3,19,15,1,8,14,5,7,12,13,11
0.6184;6,16,18,13,9,0,4,2,17,3,19,5,1,8,14,15,7,12,10,11
0.6194;6,16,18,13,9,0,4,11,17,2,19,5,1,8,15,14,7,12,10,3
0.6204;6,16,18,13,9,0,4,11,15,2,19,5,1,8,17,12,10,14,7,3
0.6214;6,16,18,13,9,0,4,11,15,2,19,5,12,8,17,7,14,10,1,3
0.6224;6,16,18,13,9,0,4,11,15,2,3,5,19,8,17,7,14,10,12,1
0.6234;6,16,18,13,8,7,4,11,15,2,3,5,19,17,9,0,14,10,12,1
0.6244;6,16,18,13,2,7,4,1,15,5,3,8,19,17,9,0,14,10,12,11
0.6254;6,16,18,13,2,7,4,14,15,5,3,8,19,17,9,0,10,12,1,11
0.6264;6,16,18,13,2,7,4,19,15,5,3,8,14,17,9,10,0,11,1,12
0.6274;2,16,18,1,6,7,4,10,15,5,3,8,14,17,9,19,0,11,13,12
0.6284;2,16,18,1,6,7,4,11,15,5,9,8,14,17,3,19,0,10,12,13
0.6294;2,16,18,1,6,11,12,7,15,9,5,8,14,17,3,19,0,10,4,13
0.6304;2,16,11,1,6,18,12,7,5,9,15,8,14,17,3,10,0,19,4,13
0.6314;2,0,11,1,6,18,12,7,5,9,15,8,16,17,4,10,14,19,3,13
0.6324;2,7,11,1,6,18,12,13,5,16,15,8,9,17,4,10,14,19,3,0
0.6334;2,7,11,15,6,18,16,13,5,12,1,8,9,17,4,10,3,19,14,0
0.6344;2,7,5,15,6,18,16,13,11,12,1,8,9,17,4,10,0,19,3,14
0.6354;2,7,15,5,16,18,6,13,11,12,1,8,9,17,4,10,0,14,3,19
0.6364;2,7,15,5,16,18,6,13,11,12,1,8,9,0,4,10,17,3,19,14
0.6374;2,7,12,5,16,18,6,13,11,15,9,8,1,0,4,10,14,3,19,17
0.6384;2,7,12,5,18,16,6,13,0,4,9,8,1,11,15,10,14,3,19,17
0.6394;2,7,12,0,18,15,6,13,5,4,9,8,1,11,14,10,16,3,19,17
0.6404;2,7,12,0,18,15,13,6,5,4,9,11,1,8,14,3,16,10,19,17
0.6414;2,7,12,0,18,15,1,6,5,4,9,11,13,8,14,19,10,16,3,17
0.6424;2,7,12,0,18,15,1,6,5,4,9,10,11,8,14,17,13,16,3,19
0.6434;2,7,12,0,18,8,1,6,19,4,16,10,11,15,14,17,13,9,3,5
0.6444;2,7,4,0,18,8,14,6,11,12,16,10,19,15,1,17,13,9,3,5
0.6454;2,7,4,6,18,8,14,0,11,15,16,10,19,12,1,17,13,3,9,5
0.6464;2,7,16,6,17,14,8,0,11,15,4,10,19,12,1,18,13,3,9,5
0.6474;2,7,16,6,17,14,3,13,8,15,4,10,19,12,1,18,0,11,9,5
0.6484;2,7,15,6,17,14,3,13,8,16,4,12,19,10,1,18,0,9,11,5
0.6494;17,7,15,6,2,14,3,13,8,16,4,1,19,11,12,18,0,9,10,5
0.6503;17,7,15,6,2,14,3,18,8,16,4,1,5,11,12,13,0,10,9,19
0.6513;17,7,15,6,2,14,3,18,8,16,4,1,5,12,11,9,19,10,13,0
0.6523;17,7,12,6,2,14,4,18,8,16,3,1,5,15,11,0,19,10,13,9
0.6533;6,7,12,17,4,14,2,18,8,16,3,1,5,15,11,13,19,10,0,9
0.6543;6,7,12,17,4,14,2,5,8,16,3,1,18,15,9,13,19,0,10,11
0.6553;6,10,12,17,4,14,2,5,8,16,3,1,15,18,9,13,19,7,0,11
0.6563;6,10,7,17,4,11,2,5,8,16,3,1,15,18,14,13,19,12,0,9
0.6573;6,14,7,17,4,11,9,5,8,16,3,1,15,18,10,0,19,12,13,2
0.6583;6,14,7,9,4,11,17,5,8,16,3,1,19,18,12,0,15,10,13,2
0.6593;11,14,7,9,4,6,17,3,8,16,5,1,18,19,12,0,15,10,13,2
0.6603;1,14,19,9,4,6,17,3,8,16,5,11,18,7,12,0,15,2,13,10
0.6613;1,14,19,9,4,6,17,3,8,16,5,10,7,18,12,0,13,2,15,11
0.6623;1,14,19,12,11,6,17,3,8,16,5,10,7,13,9,0,18,2,15,4
0.6633;1,14,19,12,11,6,17,3,8,16,5,10,15,2,9,18,0,13,7,4
0.6643;3,14,19,12,11,6,17,1,8,5,16,10,9,2,15,18,0,13,7,4
0.6653;3,12,19,14,11,6,17,1,8,5,16,10,9,18,4,2,0,13,7,15
0.6663;3,12,19,14,7,6,17,10,8,5,16,1,9,18,4,2,15,13,11,0
0.6673;3,12,19,14,7,6,17,16,8,5,10,1,15,18,4,2,0,13,11,9
0.6683;3,12,19,14,7,6,17,11,8,5,10,1,18,4,15,2,0,13,16,9
0.6693;3,12,19,14,7,6,17,11,16,5,10,2,18,4,15,1,13,0,8,9
0.6703;3,6,19,14,7,12,0,11,16,5,10,2,18,9,15,1,13,17,8,4
0.6713;3,6,19,14,5,12,11,0,16,7,10,2,9,18,15,1,13,17,8,4
0.6723;3,6,19,7,5,12,11,2,16,14,10,0,4,18,15,1,13,17,8,9
0.6733;10,6,19,2,5,12,11,7,16,14,3,9,4,18,15,1,13,17,8,0
0.6743;19,6,10,2,5,12,11,7,16,14,17,9,4,3,15,1,13,18,8,0
0.6753;19,6,17,2,5,12,11,7,16,9,10,13,4,3,15,1,14,18,8,0
0.6763;19,6,17,16,5,12,11,0,2,9,10,13,4,3,15,1,14,7,8,18
0.6773;19,6,5,16,17,12,11,0,1,9,10,13,14,3,15,2,4,7,8,18
0.6783;19,6,5,16,17,12,11,14,1,9,10,8,7,3,15,2,4,0,13,18
0.6793;4,6,5,16,17,12,11,14,1,9,10,8,7,3,15,0,18,2,13,19
0.6803;4,6,5,16,17,12,11,14,1,9,10,8,7,3,15,13,19,2,18,0
0.6813;4,8,5,16,17,6,7,14,1,9,10,12,11,3,15,13,19,2,18,0
0.6823;4,8,5,16,17,6,7,14,1,9,10,12,11,3,15,18,19,0,2,13
0.6833;4,8,5,16,17,6,7,18,3,9,0,12,11,1,15,14,19,10,2,13
0.6843;4,8,5,16,17,6,7,18,3,9,15,11,12,1,0,14,19,13,2,10
0.6853;12,8,5,16,17,6,7,18,3,9,15,11,0,1,4,14,19,10,2,13
0.6863;12,8,5,16,17,14,7,18,3,9,15,11,0,1,4,10,2,6,19,13
0.6873;12,8,3,16,17,13,7,18,5,9,15,11,0,1,4,10,6,2,19,14
0.6883;12,8,3,16,17,6,7,18,5,2,15,11,0,1,4,10,13,9,14,19
0.6893;12,8,14,16,17,6,7,18,5,2,15,11,0,1,4,10,3,19,13,9
0.6903;4,8,0,16,17,6,7,18,5,2,15,11,14,1,12,10,3,9,13,19
0.6913;4,8,0,6,17,16,7,15,5,2,18,11,14,1,12,10,13,9,3,19
0.6923;4,8,0,6,17,16,7,14,9,2,11,18,15,1,12,10,13,5,3,19
0.6933;4,8,0,6,17,16,7,14,19,2,11,18,1,15,13,10,12,5,3,9
0.6943;4,8,0,6,17,16,7,14,19,2,11,18,1,13,15,9,12,3,5,10
0.6953;13,8,0,6,17,16,7,14,19,2,11,15,1,4,18,9,12,3,10,5
0.6963;13,8,0,6,17,16,15,14,19,2,11,7,18,4,10,9,12,3,1,5
0.6973;13,8,0,6,17,16,15,14,19,2,11,7,9,3,10,12,18,4,1,5
0.6983;13,8,0,6,17,16,15,7,19,2,11,14,10,3,4,12,18,9,1,5
0.6993;13,8,1,6,17,16,15,7,19,2,9,11,10,3,4,12,18,14,0,5
0.7003;1,8,13,6,17,16,15,7,9,10,19,11,2,3,4,12,18,14,0,5
0.7013;1,11,17,6,13,16,15,14,9,10,19,8,2,3,4,12,18,7,0,5
0.7023;1,11,3,17,13,16,15,10,9,14,19,8,2,6,4,12,18,7,0,5
0.7033;16,11,8,17,13,1,15,10,9,14,19,3,2,6,4,5,18,7,0,12
0.7043;16,11,8,4,13,1,0,5,9,14,19,3,2,6,17,10,18,7,15,12
0.7053;16,11,8,4,5,1,0,15,9,14,19,3,2,6,17,10,18,13,7,12
0.7063;16,11,12,4,5,1,0,15,9,14,2,3,19,18,17,10,6,13,7,8
0.7073;16,11,3,4,5,1,0,17,9,14,2,12,19,18,8,10,6,13,7,15
0.7083;16,11,3,4,13,1,0,17,9,14,2,12,19,18,8,7,6,15,10,5
0.7093;16,11,3,4,13,1,0,17,7,14,2,15,19,18,8,9,6,12,5,10
0.7103;16,11,3,4,13,1,5,17,7,14,2,15,19,18,8,10,6,12,9,0
0.7113;16,11,3,4,6,1,5,17,7,14,2,19,15,18,8,10,13,9,12,0
0.7123;16,11,3,4,6,1,12,17,2,14,7,19,15,18,9,10,13,8,5,0
0.7133;16,11,12,4,6,1,3,17,2,14,7,19,15,18,9,13,5,8,10,0
0.7143;8,11,12,0,6,14,3,17,2,1,7,19,15,18,9,13,5,16,10,4
0.7153;15,5,4,0,6,14,3,17,2,1,7,19,8,18,9,13,11,16,10,12
0.7163;13,5,4,0,6,14,3,9,10,1,7,19,8,18,17,15,11,16,2,12
0.7173;13,12,4,0,6,19,3,9,8,1,7,14,10,18,17,15,11,16,2,5
0.7183;9,12,4,0,6,19,13,3,8,1,7,16,10,18,17,15,11,14,2,5
0.7193;18,12,4,0,6,16,13,3,8,1,7,19,10,2,17,15,11,14,9,5
0.7203;18,12,0,4,6,16,13,3,8,7,1,19,10,2,17,15,11,14,5,9
0.7213;11,12,0,16,6,4,13,3,8,7,1,19,10,2,17,15,18,14,9,5
0.7223;11,3,0,16,6,4,13,12,18,7,1,19,10,2,17,8,15,14,9,5
0.7233;11,3,0,16,5,4,13,12,18,7,1,15,10,2,17,8,19,9,14,6
0.7243;11,3,0,16,5,4,13,7,18,12,1,15,10,2,17,19,8,9,6,14
0.7253;11,3,0,16,8,4,13,7,18,12,1,15,10,17,14,19,5,9,6,2
0.7263;5,3,0,16,8,4,13,7,18,12,1,15,6,17,14,19,9,11,10,2
0.7273;13,3,0,16,8,4,5,7,18,6,1,10,12,17,14,19,9,11,15,2
0.7283;13,3,0,16,14,4,5,7,18,6,1,10,12,19,8,17,9,15,11,2
0.7293;13,3,1,16,14,4,5,7,2,6,0,8,12,19,10,17,9,15,11,18
0.7303;13,3,8,16,14,4,5,11,2,6,0,1,12,9,10,17,19,15,7,18
0.7313;13,3,4,16,14,8,6,11,2,5,0,1,12,9,10,17,19,15,18,7
0.7323;13,3,4,16,1,8,6,17,2,5,0,14,12,9,10,11,19,15,7,18
0.7333;10,3,4,16,1,8,6,17,2,19,0,14,12,11,13,9,5,15,7,18
0.7343;10,3,4,14,1,8,2,17,6,19,0,13,12,11,16,9,5,15,7,18
0.7353;10,3,4,14,1,7,2,17,6,19,0,13,12,11,16,9,18,5,8,15
0.7363;10,3,4,14,1,11,2,17,6,5,0,13,12,15,16,9,18,19,8,7
0.7373;10,3,4,14,1,12,2,17,6,0,5,13,11,15,16,9,18,7,8,19
0.7383;10,3,18,14,1,12,2,17,6,0,5,4,8,15,16,9,13,7,11,19
0.7393;10,3,18,14,1,12,2,17,6,0,5,19,8,15,4,11,13,7,9,16
0.7403;10,3,18,14,1,12,2,7,6,0,5,19,8,15,4,11,16,9,17,13
0.7413;10,3,18,14,1,12,2,7,9,0,5,19,8,16,4,6,15,11,17,13
0.7423;10,3,14,12,1,18,2,9,7,0,5,19,8,16,4,6,15,11,17,13
0.7433;10,3,14,12,1,18,7,9,2,17,5,19,8,16,13,6,15,11,0,4
0.7443;10,3,14,12,1,18,7,9,13,17,5,19,11,16,8,6,15,2,0,4
0.7453;4,3,14,12,1,18,7,9,13,17,5,19,15,16,8,6,11,0,2,10
0.7463;4,3,14,12,8,18,7,19,13,17,5,9,15,16,1,10,11,0,2,6
0.7473;4,11,14,12,8,18,7,19,13,17,5,9,15,16,3,10,1,0,6,2
0.7483;4,11,14,12,8,18,7,0,13,17,5,9,15,16,3,2,1,6,19,10
0.7493;4,11,14,12,8,2,7,5,13,17,0,9,15,16,10,18,1,6,19,3
0.7502;4,11,14,12,8,2,7,3,13,15,0,5,17,16,10,18,1,6,19,9
0.7512;4,11,14,12,8,2,7,10,13,15,16,5,17,0,3,18,1,6,9,19
0.7522;4,11,14,12,8,2,7,10,13,15,16,1,17,0,9,18,5,3,6,19
0.7532;0,11,14,12,8,2,7,10,13,15,16,1,17,19,9,18,5,4,6,3
0.7542;0,11,12,14,8,2,7,10,15,5,16,1,17,19,9,18,13,4,6,3
0.7552;6,11,12,14,8,2,7,10,15,5,16,13,17,19,9,18,1,0,4,3
0.7562;6,11,12,14,8,2,7,4,15,5,17,13,16,19,9,10,1,0,18,3
0.7572;6,11,12,14,8,2,7,9,15,13,17,5,16,19,4,0,1,10,18,3
0.7582;6,11,12,14,19,15,7,5,2,13,17,9,16,8,4,0,1,10,18,3
0.7592;5,11,12,14,19,15,7,6,2,13,17,9,16,8,4,3,0,10,18,1
0.7602;5,1,12,14,19,15,7,6,2,13,17,0,16,8,4,10,9,3,18,11
0.7612;5,1,11,14,19,15,7,6,2,8,17,0,13,16,4,10,9,3,18,12
0.7622;5,1,11,14,19,15,7,6,2,8,17,0,13,9,4,12,10,3,18,16
0.7632;5,1,11,14,4,15,7,6,2,8,9,17,13,0,19,12,10,3,18,16
0.7642;5,1,18,14,4,15,7,6,9,8,2,17,13,0,19,12,10,3,16,11
0.7652;5,1,18,10,6,7,15,4,9,8,2,17,13,0,19,12,14,3,16,11
0.7662;5,1,18,10,6,7,13,4,9,8,11,17,15,0,19,12,2,3,16,14
0.7672;5,1,18,10,6,7,13,4,9,8,11,15,17,0,14,12,2,3,19,16
0.7682;5,1,18,10,6,9,13,4,7,8,11,15,16,0,14,17,2,3,19,12
0.7692;5,13,18,10,6,9,1,4,7,8,0,14,16,11,15,17,2,3,19,12
0.7702;5,13,9,10,6,18,1,2,7,8,0,14,16,17,15,11,4,3,19,12
0.7712;5,13,11,10,18,6,1,2,7,8,0,17,16,14,15,9,4,3,19,12
0.7722;1,13,11,10,15,6,5,2,7,8,0,17,16,18,14,9,4,3,19,12
0.7732;1,5,11,10,15,19,13,2,7,8,0,17,16,18,14,9,4,12,6,3
0.7742;13,5,11,10,16,19,1,2,7,17,0,8,15,18,14,9,4,12,6,3
0.7752;13,11,5,10,16,19,1,2,7,17,0,18,15,8,14,9,12,4,6,3
0.7762;13,11,5,10,16,17,1,2,7,19,6,18,15,8,14,9,12,0,4,3
0.7772;13,11,5,1,16,17,12,2,7,19,6,18,15,3,14,9,10,0,4,8
0.7782;13,11,5,1,16,17,12,2,7,19,9,18,15,4,14,6,3,0,10,8
0.7792;13,11,5,18,16,0,12,2,7,19,6,1,15,4,14,9,3,17,10,8
0.7802;13,11,5,18,16,0,12,2,7,19,6,1,15,4,17,9,3,10,8,14
0.7812;13,11,5,18,16,0,12,2,7,19,6,8,15,4,14,9,3,17,1,10
0.7822;13,11,5,18,14,0,1,2,7,19,6,12,15,4,16,9,3,17,8,10
0.7832;13,2,5,18,14,0,19,11,7,1,6,12,8,4,16,9,3,17,15,10
0.7842;13,7,5,18,14,6,19,11,2,1,0,12,8,4,16,9,3,15,17,10
0.7852;2,7,5,18,14,6,19,11,13,1,4,12,8,16,0,9,3,15,17,10
0.7862;2,17,5,18,14,6,19,11,13,7,4,12,8,16,0,9,3,10,1,15
0.7872;2,17,5,18,10,6,19,11,12,7,4,13,8,16,0,1,3,14,9,15
0.7882;2,17,5,18,10,6,19,11,15,7,4,14,12,16,0,1,3,13,9,8
0.7892;2,17,5,18,10,6,19,11,15,7,3,14,12,16,1,0,13,4,9,8
0.7902;2,17,11,18,10,6,19,13,15,16,3,14,12,7,1,0,5,4,9,8
0.7912;2,17,11,18,10,6,9,13,15,16,3,14,19,7,1,0,5,4,8,12
0.7922;1,17,11,18,19,6,9,13,15,16,3,14,10,7,2,8,5,4,0,12
0.7932;1,17,11,19,18,4,9,13,15,6,3,14,10,7,2,8,5,16,0,12
0.7942;1,17,11,19,7,4,16,13,15,6,0,14,10,18,2,8,5,9,3,12
0.7952;12,17,11,19,16,4,10,13,15,6,0,14,7,18,2,8,5,9,3,1
0.7962;12,17,11,19,16,4,10,13,9,6,0,14,7,1,2,8,5,18,3,15
0.7972;12,0,11,19,16,4,10,13,9,6,17,14,7,1,3,8,5,2,18,15
0.7982;12,0,11,19,16,4,10,13,9,18,17,14,7,1,8,3,5,2,15,6
0.7992;12,0,2,19,7,4,10,13,9,18,17,14,5,1,8,3,16,11,15,6
0.8002;12,0,2,19,7,4,10,5,9,18,17,14,8,1,13,3,6,11,15,16
0.8012;12,19,2,0,17,4,10,5,9,18,7,14,8,1,13,3,11,6,15,16
0.8022;12,19,2,4,17,0,10,5,9,18,7,15,8,14,13,3,11,6,1,16
0.8032;12,19,2,4,17,0,10,5,9,18,7,15,16,14,13,3,11,1,8,6
0.8042;0,19,2,4,17,14,10,5,1,18,7,15,16,12,13,3,11,9,8,6
0.8052;0,19,2,1,6,14,10,5,4,18,3,15,16,12,13,7,11,9,8,17
0.8062;0,19,2,1,6,14,10,12,4,18,3,15,16,17,13,7,11,9,5,8
0.8072;0,19,2,1,6,4,10,12,14,18,3,15,16,17,13,5,11,9,8,7
0.8082;0,19,2,1,6,4,7,12,14,18,3,11,16,17,10,5,15,9,8,13
0.8092;15,19,16,1,6,4,7,12,14,13,3,11,2,17,10,5,0,9,8,18
0.8102;15,19,16,1,11,5,2,12,14,13,3,6,7,17,10,4,0,9,8,18
0.8112;19,15,16,1,11,5,2,12,17,13,3,6,7,14,10,4,8,9,0,18
0.8122;19,15,16,1,11,5,2,0,17,13,3,6,7,4,9,14,8,10,12,18
0.8132;19,15,16,11,1,5,2,0,17,13,3,6,7,9,4,14,12,10,8,18
0.8142;19,15,0,11,1,13,2,16,17,5,3,6,7,14,4,9,12,10,8,18
0.8152;19,15,0,11,1,13,2,16,17,5,6,3,7,14,10,9,12,18,8,4
0.8162;3,15,0,11,1,13,2,16,17,12,6,19,7,18,10,9,5,14,8,4
0.8172;3,15,0,11,1,13,2,16,17,12,6,19,7,5,14,9,18,10,4,8
0.8182;3,15,0,11,1,13,2,16,17,12,6,10,7,8,14,9,18,4,19,5
0.8192;3,15,0,11,1,13,2,17,16,12,6,10,7,18,14,4,8,9,19,5
0.8202;19,12,0,15,1,13,2,17,16,11,6,10,7,18,14,4,8,9,3,5
0.8212;19,12,17,0,1,13,2,9,16,11,6,10,7,18,14,4,8,15,3,5
0.8222;19,12,17,0,1,13,2,18,16,15,6,10,7,9,14,4,8,3,11,5
0.8232;19,12,10,0,4,13,2,18,16,6,15,17,7,9,14,1,8,3,11,5
0.8242;19,12,10,0,4,13,2,18,16,6,14,7,8,9,15,1,17,3,11,5
0.8252;19,11,10,17,4,13,2,18,16,6,14,7,8,9,15,1,5,3,12,0
0.8262;19,11,10,17,4,13,2,9,16,6,14,7,8,18,12,1,5,3,0,15
0.8272;19,11,10,17,4,13,2,9,16,6,14,1,8,0,12,7,5,15,18,3
0.8282;19,11,10,17,4,13,2,6,16,9,14,1,8,0,12,7,3,15,5,18
0.8292;19,11,13,17,4,10,2,6,16,9,14,8,1,0,18,7,3,15,5,12
0.8302;19,8,13,17,4,10,2,7,16,9,18,11,1,0,14,6,3,15,5,12
0.8312;19,8,13,17,14,10,3,7,15,9,18,11,1,0,4,6,2,16,5,12
0.8322;19,8,13,17,14,10,3,12,15,9,18,6,1,0,4,11,2,7,5,16
0.8332;19,8,13,17,14,18,3,12,15,9,7,6,1,0,4,11,2,16,5,10
0.8342;19,8,13,15,14,18,3,1,17,9,7,6,12,0,4,2,11,16,5,10
0.8352;19,8,14,15,17,18,3,1,13,9,16,6,12,0,4,2,11,7,5,10
0.8362;19,8,14,15,17,13,3,1,18,9,16,6,12,11,4,2,0,7,10,5
0.8372;19,8,14,10,3,0,17,1,18,9,16,6,12,11,4,2,13,7,15,5
0.8382;19,8,14,10,3,7,17,13,18,9,11,6,12,16,4,2,1,0,15,5
0.8392;19,8,14,10,3,7,17,13,1,9,11,6,12,5,4,2,18,16,15,0
0.8402;19,8,14,10,3,2,17,13,1,9,11,6,12,5,4,0,7,16,15,18
0.8412;19,8,16,10,11,2,0,13,1,9,3,6,12,5,4,17,7,14,15,18
0.8422;19,8,16,10,12,2,0,6,1,9,3,13,11,5,4,17,15,14,7,18
0.8432;19,8,16,9,12,2,5,6,1,10,15,13,11,0,4,17,3,14,7,18
0.8442;19,8,16,9,12,2,5,6,1,17,15,13,11,0,10,4,3,18,7,14
0.8452;19,8,16,9,12,2,0,6,1,17,13,15,11,5,10,4,3,14,7,18
0.8462;14,8,16,9,12,2,0,6,1,17,7,15,11,18,10,4,3,19,13,5
0.8472;14,8,16,9,12,1,0,2,6,4,7,15,11,18,10,17,3,19,13,5
0.8482;14,8,16,9,12,1,7,2,6,13,0,15,11,18,10,17,5,19,4,3
0.8492;14,8,16,9,12,11,7,2,10,13,0,15,1,18,6,17,5,3,4,19
0.8501;14,8,16,9,12,11,7,2,10,13,4,15,1,18,6,19,5,3,17,0
0.8511;14,15,16,9,12,11,10,2,7,13,4,8,1,18,6,5,19,3,17,0
0.8521;14,15,6,9,17,11,10,2,1,13,4,8,7,18,16,5,19,3,12,0
0.8531;4,15,6,9,17,11,13,2,1,10,14,5,7,18,16,8,19,3,12,0
0.8541;4,15,13,9,17,11,6,10,1,2,14,5,18,7,16,8,19,3,12,0
0.8551;4,15,13,9,17,11,6,10,1,2,14,5,18,3,19,8,0,7,12,16
0.8561;4,15,13,9,17,0,6,10,1,2,14,11,18,3,12,8,5,7,19,16
0.8571;4,15,13,9,12,0,6,10,1,2,14,7,18,3,17,8,19,11,5,16
0.8581;4,15,1,9,12,16,6,10,3,2,14,7,18,13,17,8,19,11,5,0
0.8591;4,15,1,9,12,16,6,10,3,2,14,8,18,5,13,7,19,11,17,0
0.8601;4,15,1,9,12,16,6,10,3,2,14,8,7,5,0,18,19,11,13,17
0.8611;4,15,1,9,12,16,7,19,3,2,18,8,6,5,0,14,10,11,13,17
0.8621;4,15,1,9,12,16,7,14,3,2,18,8,6,5,13,19,0,11,10,17
0.8631;7,15,5,9,12,16,4,14,3,2,18,8,6,1,13,11,0,19,10,17
0.8641;7,15,5,9,12,16,17,11,6,2,18,8,3,1,13,14,0,19,10,4
0.8651;7,15,5,9,6,16,17,11,14,2,18,8,3,1,13,12,0,19,4,10
0.8661;7,15,5,9,6,16,17,11,18,13,14,8,3,1,2,0,12,19,4,10
0.8671;7,15,0,9,6,16,19,11,2,13,14,8,3,1,18,5,12,17,4,10
0.8681;7,15,11,9,6,16,3,0,2,13,14,8,19,1,18,5,4,17,12,10
0.8691;7,15,11,9,6,18,3,0,2,13,5,8,19,1,14,16,4,17,12,10
0.8701;7,15,11,9,14,18,3,0,2,13,1,8,19,17,6,16,4,5,12,10
0.8711;7,15,11,9,14,8,3,0,2,13,1,6,19,17,18,16,4,5,10,12
0.8721;7,15,13,9,14,8,3,0,2,17,1,6,19,11,18,16,12,5,10,4
0.8731;7,15,13,9,14,8,1,0,2,17,3,6,19,10,18,11,12,5,16,4
0.8741;7,15,13,9,12,5,1,8,2,17,3,6,19,10,18,11,14,0,16,4
0.8751;7,15,13,9,12,5,1,10,2,17,18,6,19,8,3,16,14,0,11,4
0.8761;4,15,13,9,12,5,1,10,8,17,18,6,19,2,3,16,14,0,7,11
0.8771;4,11,13,9,2,5,1,10,8,17,0,6,19,12,3,16,14,18,7,15
0.8781;4,11,13,9,3,5,1,10,18,17,0,6,19,12,2,16,14,8,15,7
0.8791;4,11,13,9,3,5,10,1,18,17,0,12,14,6,2,16,19,8,15,7
0.8801;4,11,13,9,3,16,10,1,18,17,0,12,14,2,6,5,19,8,7,15
0.8811;4,11,19,9,1,16,10,3,6,17,0,12,14,2,18,5,13,8,7,15
0.8821;4,11,19,9,1,14,12,3,6,17,0,10,8,2,18,5,13,16,7,15
0.8831;17,11,19,9,1,14,12,0,6,4,3,10,8,5,18,2,13,16,7,15
0.8841;17,0,19,9,1,14,12,4,6,11,3,10,8,5,16,2,13,18,7,15
0.8851;17,11,19,13,1,14,12,3,6,0,4,10,8,5,16,2,9,18,7,15
0.8861;17,11,19,14,1,13,12,3,6,0,7,10,8,5,16,2,9,4,18,15
0.8871;17,11,19,12,1,13,14,3,4,0,7,8,10,5,16,2,9,6,18,15
0.8881;17,1,11,12,19,13,14,3,4,0,7,8,10,5,16,15,9,6,18,2
0.8891;17,12,11,1,19,14,13,3,4,0,7,8,6,5,16,15,9,10,18,2
0.8901;17,12,11,1,19,14,13,3,8,0,7,4,6,5,16,2,15,10,18,9
0.8911;17,12,11,1,19,14,13,3,8,0,7,4,6,18,9,2,15,10,16,5
0.8921;17,12,11,3,19,14,13,1,8,0,5,4,6,15,9,2,18,10,16,7
0.8931;17,12,11,3,19,14,13,1,8,6,5,4,0,15,18,9,2,10,16,7
0.8941;17,12,1,3,19,14,13,9,8,6,5,7,0,15,18,11,2,10,16,4
0.8951;17,12,10,8,19,14,13,9,3,6,5,7,0,15,18,11,1,2,16,4
0.8961;17,12,10,8,19,14,13,0,3,6,5,7,9,2,18,11,15,1,16,4
0.8971;6,12,10,5,19,14,13,0,3,17,8,7,9,2,18,11,15,4,16,1
0.8981;6,12,16,5,19,14,18,0,3,17,8,7,9,2,13,11,15,1,10,4
0.8991;6,12,16,5,19,8,18,0,3,17,14,7,9,2,10,11,15,1,4,13
0.9001;18,12,16,5,10,8,6,4,3,17,14,7,9,2,19,11,15,1,0,13
0.9011;18,12,16,5,10,8,13,4,3,17,14,7,6,2,19,11,15,9,0,1
0.9021;18,12,16,5,10,8,13,4,3,17,14,7,6,2,19,9,1,0,11,15
0.9031;18,13,16,5,10,8,9,4,3,17,14,7,6,2,19,12,1,0,15,11
0.9041;5,13,16,18,10,8,11,4,3,17,14,7,6,2,1,12,19,0,15,9
0.9051;5,13,7,18,10,8,11,4,1,17,16,14,6,2,3,12,19,0,15,9
0.9061;5,13,12,18,10,8,11,4,1,17,9,14,6,2,3,7,19,15,0,16
0.9071;5,13,12,18,7,15,11,4,1,17,9,14,6,2,3,10,19,8,16,0
0.9081;5,13,12,18,7,3,11,4,1,17,9,14,6,2,10,15,19,16,8,0
0.9091;5,13,12,18,7,3,11,4,19,17,9,2,6,14,16,15,1,10,8,0
0.9101;5,13,12,18,7,3,17,4,19,11,9,2,6,14,10,15,16,1,8,0
0.9111;5,8,12,18,7,3,17,4,19,1,9,2,6,14,10,16,15,11,13,0
0.9121;5,19,12,18,7,3,17,4,8,1,9,13,6,11,10,16,15,14,2,0
0.9131;1,19,12,18,7,6,17,4,8,5,9,13,3,11,10,0,15,14,2,16
0.9141;1,19,12,3,14,6,17,4,8,5,9,13,18,11,10,7,15,0,2,16
0.9151;1,19,12,3,14,6,17,4,8,5,9,13,15,11,7,10,18,0,16,2
0.9161;1,19,12,3,14,10,17,4,8,5,9,13,0,6,7,11,18,15,16,2
0.9171;11,19,12,3,14,10,17,4,8,5,9,16,0,6,7,2,18,15,13,1
0.9181;11,19,15,3,1,10,17,4,8,5,9,16,0,6,7,18,2,12,13,14
0.9191;11,19,15,3,1,10,17,4,9,5,8,16,0,6,13,18,14,12,7,2
0.9201;11,19,15,10,1,3,17,4,9,5,8,16,0,7,13,18,14,2,6,12
0.9211;11,19,15,10,1,3,17,7,9,5,16,8,0,4,13,18,14,2,12,6
0.9221;0,19,15,10,1,4,17,7,9,5,16,8,11,3,13,18,12,2,14,6
0.9231;0,19,15,10,14,4,17,16,9,5,7,8,2,3,13,18,12,11,1,6
0.9241;0,12,15,9,14,4,17,16,10,5,7,8,2,3,13,18,19,11,6,1
0.9251;0,5,19,9,14,4,17,16,10,12,7,8,18,3,13,2,15,11,6,1
0.9261;0,5,19,18,14,17,4,16,10,7,12,8,9,3,13,2,15,11,6,1
0.9271;0,5,19,18,14,17,4,16,10,7,12,13,9,3,8,2,15,1,11,6
0.9281;0,5,19,18,14,17,4,16,10,7,12,9,13,1,8,2,15,3,6,11
0.9291;0,5,19,18,7,17,16,4,10,14,12,9,13,1,8,2,15,6,3,11
0.9301;0,5,19,18,7,17,16,4,2,14,12,9,13,1,11,8,15,6,3,10
0.9311;0,9,19,18,7,17,16,4,2,14,12,5,1,8,11,13,15,6,3,10
0.9321;0,9,2,18,7,16,17,4,1,14,12,5,19,8,11,13,15,6,3,10
0.9331;0,9,2,18,7,16,17,13,1,14,15,5,19,3,11,4,12,6,8,10
0.9341;0,9,2,18,11,16,8,13,1,14,15,5,19,3,7,6,12,4,17,10
0.9351;0,14,2,15,11,16,4,13,1,9,18,5,19,3,7,6,12,8,17,10
0.9361;13,14,2,15,11,16,4,0,1,9,18,5,19,3,7,10,17,8,12,6
0.9371;13,12,2,15,11,16,4,0,1,9,18,6,19,3,7,10,8,17,14,5
0.9381;13,12,2,15,11,16,4,10,1,9,17,18,19,3,7,0,8,6,14,5
0.9391;13,1,2,14,11,16,4,10,12,9,6,18,19,3,7,0,8,17,15,5
0.9401;13,7,2,14,15,16,4,10,12,9,6,18,19,1,3,0,8,17,11,5
0.9411;13,7,2,0,15,16,11,10,12,9,6,18,19,1,3,14,8,17,5,4
0.9421;13,7,2,0,15,16,11,10,12,9,6,18,17,1,14,3,8,19,4,5
0.9431;13,7,2,0,15,16,11,10,12,9,14,18,19,1,6,4,8,17,3,5
0.9441;13,7,2,0,4,16,11,10,12,9,14,18,15,8,6,19,1,17,3,5
0.9451;13,7,2,0,4,16,11,10,9,12,14,18,15,8,5,19,1,17,6,3
0.9461;13,7,2,0,4,16,11,10,9,14,5,8,15,18,12,19,1,17,6,3
0.9471;12,7,2,0,4,16,11,3,9,14,10,8,15,18,13,19,1,17,6,5
0.9481;12,7,2,0,4,16,14,3,9,11,10,8,15,18,17,19,6,13,1,5
0.9491;13,7,2,0,4,16,14,3,9,11,10,8,15,18,17,6,1,12,19,5
0.95;13,7,2,1,4,16,14,3,9,11,10,8,15,18,17,6,0,19,5,12
0.951;2,7,1,13,4,16,14,3,9,11,10,8,12,18,17,6,0,19,5,15
0.952;2,7,1,13,4,16,14,3,9,8,10,11,19,18,17,0,6,12,5,15
0.953;16,7,1,13,6,2,14,3,9,8,10,11,19,18,17,0,4,15,5,12
0.954;16,4,1,10,6,2,14,3,9,8,13,11,19,18,17,0,5,15,7,12
0.955;16,4,1,19,17,2,14,3,9,8,0,11,10,18,6,13,5,15,7,12
0.956;16,15,1,19,17,2,14,3,9,8,0,11,5,18,6,4,10,13,7,12
0.957;16,9,1,19,17,2,14,3,15,8,0,11,5,6,13,4,10,18,7,12
0.958;16,3,1,19,17,2,9,14,15,8,0,11,5,6,13,4,10,12,7,18
0.959;16,3,1,19,17,12,9,14,15,8,0,11,5,4,13,6,10,2,18,7
0.96;16,3,1,19,17,8,9,14,15,11,0,12,5,4,7,6,10,2,18,13
0.961;16,3,1,19,17,8,9,14,15,11,0,13,5,10,7,6,18,2,4,12
0.962;16,3,1,19,17,8,9,14,15,5,0,13,11,10,7,6,12,4,2,18
0.963;16,3,6,17,19,1,9,14,15,5,0,13,11,10,7,8,12,4,2,18
0.964;16,3,6,17,19,1,9,14,15,5,0,13,11,10,7,18,8,2,4,12
0.965;16,8,6,17,19,1,12,14,15,5,0,13,11,10,7,18,9,2,4,3
0.966;16,8,6,17,18,11,12,14,15,5,0,13,1,10,7,19,3,2,4,9
0.967;16,8,6,17,18,11,5,14,15,12,0,9,1,10,7,19,3,4,2,13
0.968;16,8,6,17,18,11,5,14,15,12,0,9,4,10,13,19,3,7,2,1
0.969;16,8,6,4,18,11,5,14,15,12,0,17,9,13,10,19,3,7,2,1
0.97;16,2,11,4,18,6,5,14,15,12,0,17,9,13,7,19,3,10,8,1
0.971;16,4,11,2,18,6,5,14,15,12,0,8,9,3,7,19,13,10,17,1
0.972;16,4,11,17,18,6,1,14,15,12,2,8,9,3,7,19,13,10,0,5
0.973;16,4,11,17,18,6,1,14,15,12,19,8,9,3,10,0,13,7,2,5
0.974;6,1,11,17,18,16,14,4,15,12,19,8,9,3,10,0,13,7,2,5
0.975;6,1,12,15,18,16,14,4,17,11,5,8,9,3,10,0,13,7,2,19
0.976;15,1,12,6,18,16,2,4,17,11,5,9,8,3,10,0,13,7,14,19
0.977;15,1,12,6,18,5,2,4,17,11,16,9,8,19,10,0,14,7,13,3
0.978;15,1,12,6,18,5,2,8,17,11,16,0,4,19,10,9,13,7,14,3
0.979;11,1,12,6,18,5,2,8,17,3,16,0,4,19,10,9,13,15,14,7
0.98;11,12,1,6,9,5,2,8,17,3,16,0,4,19,10,18,14,15,13,7
0.981;11,7,1,6,9,5,2,17,8,3,16,0,4,19,10,18,13,15,14,12
0.982;11,7,1,17,9,5,6,16,8,3,2,0,4,19,10,18,13,15,14,12
0.983;11,7,1,17,9,5,6,16,18,3,13,0,4,19,12,8,2,15,14,10
0.984;11,7,1,17,9,5,12,16,18,3,8,0,4,2,6,13,19,15,14,10
0.985;11,7,1,17,0,5,2,16,18,3,8,9,4,12,6,13,19,10,14,15
0.986;11,7,18,17,0,5,2,16,15,3,8,9,4,12,6,13,19,10,1,14
0.987;11,7,18,17,0,5,2,16,15,3,13,1,4,12,6,14,19,10,9,8
0.988;11,7,18,2,0,5,17,16,15,3,13,1,4,12,10,14,19,6,8,9
0.989;11,7,18,2,0,5,17,19,10,3,13,1,4,12,15,16,14,6,8,9
0.99;11,7,18,2,0,5,17,19,10,3,13,15,4,16,1,12,14,6,9,8
0.991;11,7,18,2,15,5,16,19,10,3,13,0,4,17,1,12,14,8,9,6
0.992;11,7,18,2,15,13,16,19,10,0,5,3,1,17,4,12,14,8,9,6
0.993;11,7,8,2,15,13,16,19,10,0,1,3,5,17,4,12,14,18,6,9
0.994;11,7,8,2,15,13,16,19,10,14,1,3,4,17,5,12,6,18,0,9
0.995;11,19,8,2,15,13,6,7,10,14,0,3,4,17,5,12,16,18,1,9
0.996;11,19,8,2,15,13,6,1,10,14,0,3,4,17,5,7,16,12,18,9
0.997;11,19,8,2,15,13,6,1,10,18,0,3,4,7,5,17,16,12,9,14
0.998;11,19,8,2,15,13,6,17,10,5,0,3,4,7,18,1,9,12,16,14
0.999;19,11,8,2,15,13,6,17,10,5,0,3,4,9,18,1,12,7,16,14
