20
0.0476;27,70,97,46,4,5,6,7,90,9,10,16,85,13,14,15,11,17,36,19,20,3,74,8,24,25,43,0,28,47,96,31,32,33,55,35,18,38,37,23,67,41,42,79,44,84,21,29,48,1,12,51,98,76,54,2,56,57,58,89,71,92,62,63,49,65,82,72,64,45,66,60,40,99,22,80,53,77,73,81,52,26,68,34,69,78,86,59,39,50,94,61,87,93,83,30,95,88,91,75
0.0952;27,43,97,1,4,84,6,78,90,9,94,16,85,13,57,40,11,47,46,91,20,3,89,8,14,25,45,0,5,17,32,62,96,7,55,72,53,38,86,49,67,30,73,60,10,28,21,29,39,36,64,51,98,66,54,93,56,92,58,18,99,24,31,80,42,65,82,23,12,77,15,79,76,71,22,34,69,87,35,52,81,26,59,63,74,33,75,68,50,95,61,44,70,83,88,19,48,41,2,37
0.1429;11,43,97,84,75,18,6,15,13,9,85,61,94,90,57,40,27,79,46,45,20,60,89,8,82,17,91,0,5,30,21,62,96,81,24,1,53,54,50,73,4,99,49,67,10,98,76,29,65,36,44,51,32,86,33,93,56,92,58,72,25,55,31,37,19,52,14,23,7,77,69,38,28,71,3,48,59,80,83,12,39,26,78,63,66,42,74,64,22,87,35,68,70,16,88,47,2,41,34,95
0.1905;11,36,49,84,75,18,82,74,13,20,64,71,61,90,63,17,27,95,46,45,9,91,89,8,33,92,60,0,44,99,98,62,93,81,24,1,53,54,50,73,15,41,21,67,10,37,57,38,65,43,96,51,56,86,23,5,32,3,76,19,7,55,78,34,16,28,48,6,25,77,88,29,4,94,69,14,47,26,83,79,39,87,31,97,66,70,52,85,22,2,40,68,58,72,35,42,80,59,30,12
0.2381;11,36,55,7,75,81,82,69,62,63,64,72,46,32,88,17,16,51,61,45,71,13,89,12,94,26,60,77,66,78,21,91,93,18,19,1,53,54,50,73,15,41,58,3,10,37,31,57,23,29,6,14,42,5,65,27,90,67,76,70,24,49,44,34,85,28,48,92,39,0,99,43,80,35,40,95,47,30,83,79,25,20,38,97,87,86,52,84,22,2,74,68,98,9,8,59,96,56,33,4
0.2857;11,36,55,7,35,90,88,16,62,91,64,58,46,23,56,95,69,51,79,20,71,45,17,19,12,99,83,61,0,78,21,63,93,32,73,53,1,41,50,94,15,54,89,76,74,70,31,39,18,29,81,68,42,5,86,27,6,67,25,65,28,24,44,34,85,49,30,92,57,4,26,52,80,75,40,82,13,37,60,33,3,14,38,97,87,72,84,43,22,9,2,8,98,10,77,59,96,48,66,47
0.3333;88,36,56,7,49,90,87,71,62,91,64,33,30,1,3,13,69,51,79,93,58,45,11,19,47,98,83,70,24,78,21,63,20,32,73,12,94,50,41,40,0,23,89,99,74,61,46,10,18,29,81,68,42,52,53,27,35,2,9,96,28,14,44,34,85,60,31,5,57,4,26,76,80,75,55,6,77,37,38,16,97,15,82,54,8,72,84,59,66,25,67,43,48,17,95,65,86,22,92,39
0.381;66,36,33,45,49,90,87,71,62,3,64,56,85,1,91,7,51,25,79,21,52,13,11,19,47,98,83,77,76,78,73,26,20,32,63,12,94,50,80,40,42,61,89,99,74,18,27,10,29,38,81,68,0,58,95,4,60,2,86,54,35,93,44,39,5,28,31,30,16,55,96,8,41,75,17,70,82,37,67,24,46,97,6,22,34,9,84,59,48,57,53,69,88,15,23,65,14,72,92,43
0.4286;66,36,33,45,49,7,5,26,51,3,64,56,85,1,21,90,62,25,52,91,44,13,11,72,47,23,70,77,76,28,73,20,71,19,8,50,98,12,48,40,59,41,27,99,18,74,79,37,29,46,81,55,95,87,38,17,67,89,80,54,35,93,92,22,58,78,53,9,32,68,65,63,61,14,4,0,10,82,60,34,83,43,75,39,24,6,84,88,86,57,31,16,69,15,94,96,30,97,42,2
0.4762;66,36,37,45,49,7,5,26,67,3,64,59,56,1,8,76,62,25,98,82,35,14,92,72,47,42,10,77,90,28,73,93,71,19,21,50,52,60,48,13,86,41,6,99,18,11,79,15,69,46,95,23,27,87,88,17,97,89,33,78,9,68,83,22,58,65,38,44,63,20,54,32,61,40,4,0,55,91,43,34,2,70,75,39,29,12,51,53,96,57,80,85,94,81,74,30,24,84,16,31
0.5238;66,36,55,45,49,7,5,26,4,74,64,59,56,1,8,70,62,18,98,34,92,54,35,72,67,42,10,63,90,43,41,93,28,73,21,27,84,71,20,65,86,19,32,50,6,11,79,15,47,46,95,87,60,23,25,17,38,89,33,24,82,81,83,22,96,13,91,37,58,48,14,57,61,31,69,80,0,39,52,9,85,76,78,3,29,12,51,99,94,88,44,68,2,77,30,75,97,53,40,16
0.5714;38,52,55,75,49,10,5,26,69,87,64,59,56,44,8,22,53,30,98,54,92,34,76,72,67,45,7,62,90,43,58,13,28,73,25,27,84,71,86,65,0,36,32,57,6,24,80,15,2,46,95,74,82,23,21,39,66,29,33,40,94,81,19,70,96,9,31,89,77,14,63,50,61,35,18,79,48,99,83,93,85,78,37,3,42,97,47,17,68,41,1,60,51,20,88,11,12,4,91,16
0.619;38,39,55,10,29,75,5,72,69,87,64,59,22,76,8,56,53,96,46,7,92,93,54,26,67,32,44,94,9,43,48,1,98,6,30,27,61,40,24,62,51,36,41,37,73,86,33,15,2,28,14,74,82,45,21,13,12,83,80,71,89,81,19,70,25,90,31,18,20,95,47,16,50,35,79,65,78,99,23,11,66,42,57,3,58,52,63,97,68,34,17,60,0,84,77,88,85,4,91,49
0.6667;38,39,55,10,29,94,21,65,69,87,64,59,24,76,75,40,53,37,4,86,92,41,2,26,5,77,44,18,11,43,22,1,98,6,30,0,27,56,48,67,51,36,93,96,42,7,33,15,31,81,54,8,82,45,99,13,12,61,80,25,73,79,74,97,88,90,14,19,34,95,47,46,50,35,60,52,16,71,3,9,66,58,57,17,23,32,70,63,68,91,20,89,83,84,72,28,78,62,85,49
0.7143;38,62,55,71,29,85,54,98,69,24,64,59,25,76,75,40,53,48,93,87,92,43,2,88,19,77,37,21,11,41,22,44,4,6,45,0,27,60,1,67,94,46,65,96,34,90,99,31,15,81,30,28,82,95,56,13,12,61,42,63,73,26,49,16,66,80,7,5,14,70,9,36,50,78,84,52,97,83,3,47,18,68,57,10,23,39,79,86,58,91,72,89,51,33,20,74,35,8,17,32
0.7619;38,1,55,82,91,85,54,98,69,21,6,9,90,37,75,40,53,48,2,87,50,43,51,88,57,77,76,22,59,65,39,72,4,70,45,31,27,29,62,67,5,73,19,92,34,25,24,0,58,7,30,28,80,95,3,13,78,61,42,97,64,16,49,36,66,71,81,44,26,46,11,84,83,12,56,52,63,96,93,60,18,35,41,10,89,68,14,23,15,47,33,17,79,8,20,74,32,94,86,99
0.8095;47,1,50,78,46,85,97,98,86,21,6,64,45,14,5,0,53,25,43,87,30,2,73,88,4,70,76,22,59,65,42,23,28,77,18,31,27,41,62,67,75,36,89,92,34,63,9,40,24,7,55,52,80,15,90,79,82,61,57,54,58,16,49,17,66,84,81,56,26,91,11,71,83,3,94,99,13,96,51,60,74,33,29,10,44,37,68,48,95,19,32,93,72,12,20,38,39,8,69,35
0.8571;81,23,50,78,46,98,21,2,75,97,6,64,24,18,10,56,53,25,12,87,68,9,95,66,4,70,29,89,99,65,58,1,77,28,14,57,27,43,62,15,86,42,22,92,34,91,85,40,49,37,76,52,96,67,7,72,82,61,54,31,41,94,69,36,30,84,55,0,26,63,47,71,51,11,16,59,90,17,48,8,20,33,38,39,44,13,88,83,73,19,32,93,79,35,45,3,5,60,74,80
0.9048;18,92,50,41,46,98,21,2,75,97,4,11,24,30,54,35,70,25,12,85,66,71,95,82,19,53,29,89,90,76,42,1,36,28,14,57,44,55,77,69,86,58,63,80,34,91,94,40,15,37,99,67,96,52,56,72,79,47,61,31,78,87,48,20,81,84,39,26,0,10,22,65,51,73,16,6,9,17,49,8,93,74,38,43,33,3,88,23,64,59,5,62,68,7,83,13,27,45,60,32
0.9524;83,29,60,28,46,98,80,2,31,81,61,86,57,30,54,35,59,25,12,85,52,71,44,36,19,16,99,67,90,76,14,1,82,41,42,79,95,56,66,69,4,58,63,23,34,91,39,40,77,74,92,47,96,26,55,72,24,89,84,75,78,8,48,68,97,11,22,15,0,10,94,65,64,38,13,6,9,50,51,87,37,93,5,70,18,20,88,73,49,32,53,62,27,43,7,33,3,45,21,17
